1.0,0.0,0.0,0.0,1.0,0.0,0.0,0.0,1.0,0.1992,0.0,0.7535,0.0
0.9999999999388041,0.0,1.1063086699244362e-05,0.0,1.0,0.0,-1.1063086699244362e-05,0.0,0.9999999999388041,0.19920542204735917,0.0,0.753502943760603,0.0
0.9999999990224995,0.0,4.4215392840427034e-05,0.0,1.0,0.0,-4.4215392840427034e-05,0.0,0.9999999990224995,0.19922167027323104,0.0,0.7535117648501821,0.0
0.9999999950596722,0.0,9.940148738783024e-05,0.0,1.0,0.0,-9.940148738783024e-05,0.0,0.9999999950596722,0.1992487180939196,0.0,0.7535264474450093,0.0
0.9999999844122345,0.0,0.00017656593895754277,0.0,1.0,0.0,-0.00017656593895754277,0.0,0.9999999844122345,0.19928653931050538,0.0,0.7535469750122472,0.0
0.9999999620076241,0.0,0.00027565331541968646,0.0,1.0,0.0,-0.00027565331541968646,0.0,0.9999999620076241,0.1993351081054044,0.0,0.7535733303158227,0.0
0.9999999213509714,0.0,0.00039660818334622374,0.0,1.0,0.0,-0.00039660818334622374,0.0,0.9999999213509714,0.19939439903886,0.0,0.7536054954222425,0.0
0.9999998545372363,0.0,0.000539375107307133,0.0,1.0,0.0,-0.000539375107307133,0.0,0.9999998545372363,0.1994643870453684,0.0,0.7536434517063549,0.0
0.9999997522633153,0.0,0.0007038986490177242,0.0,1.0,0.0,-0.0007038986490177242,0.0,0.9999997522633153,0.19954504743003917,0.0,0.7536871798570558,0.0
0.9999996038401179,0.0,0.0008901233663398398,0.0,1.0,0.0,-0.0008901233663398398,0.0,0.9999996038401179,0.19963635586489234,0.0,0.7537366598829421,0.0
0.9999993972046126,0.0,0.0010979938121396763,0.0,1.0,0.0,-0.0010979938121396763,0.0,0.9999993972046126,0.1997382883850932,0.0,0.7537918711179116,0.0
0.9999991189318432,0.0,0.0013274545330049412,0.0,1.0,0.0,-0.0013274545330049412,0.0,0.9999991189318432,0.19985082138512625,0.0,0.7538527922267101,0.0
0.9999987542469158,0.0,0.0015784500678240317,0.0,1.0,0.0,-0.0015784500678240317,0.0,0.9999987542469158,0.19997393161490912,0.0,0.7539194012104291,0.0
0.9999982870369546,0.0,0.0018509249462299205,0.0,1.0,0.0,-0.0018509249462299205,0.0,0.9999982870369546,0.2001075961758486,0.0,0.753991675411951,0.0
0.9999976998630307,0.0,0.002144823686911403,0.0,1.0,0.0,-0.002144823686911403,0.0,0.9999976998630307,0.200251792516839,0.0,0.7540695915213458,0.0
0.9999969739720598,0.0,0.002460090795794341,0.0,1.0,0.0,-0.002460090795794341,0.0,0.9999969739720598,0.20040649843020453,0.0,0.7541531255812184,0.0
0.9999960893086719,0.0,0.002796670764095528,0.0,1.0,0.0,-0.002796670764095528,0.0,0.9999960893086719,0.20057169204758749,0.0,0.7542422529920079,0.0
0.9999950245270524,0.0,0.0031545080662517848,0.0,1.0,0.0,-0.0031545080662517848,0.0,0.9999950245270524,0.20074735183578224,0.0,0.7543369485172402,0.0
0.9999937570027545,0.0,0.003533547157726857,0.0,1.0,0.0,-0.003533547157726857,0.0,0.9999937570027545,0.20093345659251727,0.0,0.7544371862887337,0.0
0.9999922628444848,0.0,0.003933732472698691,0.0,1.0,0.0,-0.003933732472698691,0.0,0.9999922628444848,0.20112998544218566,0.0,0.7545429398117598,0.0
0.9999905169058593,0.0,0.004355008421629644,0.0,1.0,0.0,-0.004355008421629644,0.0,0.9999905169058593,0.20133691783152616,0.0,0.7546541819701581,0.0
0.9999884927971334,0.0,0.004797319388722139,0.0,1.0,0.0,-0.004797319388722139,0.0,0.9999884927971334,0.20155423352525473,0.0,0.7547708850314081,0.0
0.9999861628969055,0.0,0.005260609729262299,0.0,1.0,0.0,-0.005260609729262299,0.0,0.9999861628969055,0.2017819126016487,0.0,0.7548930206516588,0.0
0.9999834983637919,0.0,0.005744823766854054,0.0,1.0,0.0,-0.005744823766854054,0.0,0.9999834983637919,0.20201993544808447,0.0,0.7550205598807138,0.0
0.9999804691480776,0.0,0.0062499057905461885,0.0,1.0,0.0,-0.0062499057905461885,0.0,0.9999804691480776,0.20226828275652922,0.0,0.7551534731669779,0.0
0.9999770440033398,0.0,0.006775800051854797,0.0,1.0,0.0,-0.006775800051854797,0.0,0.9999770440033398,0.20252693551898893,0.0,0.7552917303623606,0.0
0.9999731904980467,0.0,0.0073224507616836115,0.0,1.0,0.0,-0.0073224507616836115,0.0,0.9999731904980467,0.20279587502291244,0.0,0.7554353007271416,0.0
0.9999688750271308,0.0,0.007889802087144586,0.0,1.0,0.0,-0.007889802087144586,0.0,0.9999688750271308,0.20307508284655382,0.0,0.755584152934797,0.0
0.9999640628235382,0.0,0.008477798148281205,0.0,1.0,0.0,-0.008477798148281205,0.0,0.9999640628235382,0.20336454085429329,0.0,0.7557382550767873,0.0
0.9999587179697521,0.0,0.00908638301469685,0.0,1.0,0.0,-0.00908638301469685,0.0,0.9999587179697521,0.20366423119191837,0.0,0.7558975746673084,0.0
0.9999528034092947,0.0,0.009715500702090644,0.0,1.0,0.0,-0.009715500702090644,0.0,0.9999528034092947,0.20397413628186561,0.0,0.7560620786480069,0.0
0.9999462809582041,0.0,0.01036509516870314,0.0,1.0,0.0,-0.01036509516870314,0.0,0.9999462809582041,0.20429423881842473,0.0,0.7562317333926584,0.0
0.9999391113164887,0.0,0.011035110311674144,0.0,1.0,0.0,-0.011035110311674144,0.0,0.9999391113164887,0.20462452176290566,0.0,0.7564065047118131,0.0
0.9999312540795593,0.0,0.011725489963315076,0.0,1.0,0.0,-0.011725489963315076,0.0,0.9999312540795593,0.2049649683387696,0.0,0.7565863578574066,0.0
0.9999226677496392,0.0,0.012436177887298103,0.0,1.0,0.0,-0.012436177887298103,0.0,0.9999226677496392,0.20531556202672516,0.0,0.7567712575273372,0.0
0.9999133097471528,0.0,0.013167117774764401,0.0,1.0,0.0,-0.013167117774764401,0.0,0.9999133097471528,0.20567628655979076,0.0,0.7569611678700131,0.0
0.9999031364220923,0.0,0.013918253240353817,0.0,1.0,0.0,-0.013918253240353817,0.0,0.9999031364220923,0.206047125918324,0.0,0.757156052488866,0.0
0.9998921030653656,0.0,0.014689527818158112,0.0,1.0,0.0,-0.014689527818158112,0.0,0.9998921030653656,0.20642806432501884,0.0,0.7573558744468357,0.0
0.9998801639201218,0.0,0.01548088495760022,0.0,1.0,0.0,-0.01548088495760022,0.0,0.9998801639201218,0.20681908623987247,0.0,0.7575605962708251,0.0
0.9998672721930593,0.0,0.016292268019241506,0.0,1.0,0.0,-0.016292268019241506,0.0,0.9998672721930593,0.20722017635512135,0.0,0.7577701799561257,0.0
0.999853380065713,0.0,0.017123620270519464,0.0,1.0,0.0,-0.017123620270519464,0.0,0.999853380065713,0.20763131959014883,0.0,0.7579845869708164,0.0
0.999838438705724,0.0,0.017974884881417904,0.0,1.0,0.0,-0.017974884881417904,0.0,0.999838438705724,0.20805250108636444,0.0,0.7582037782601335,0.0
0.9998223982780905,0.0,0.01884600492007193,0.0,1.0,0.0,-0.01884600492007193,0.0,0.9998223982780905,0.20848370620205603,0.0,0.7584277142508161,0.0
0.9998052079564014,0.0,0.01973692334830973,0.0,1.0,0.0,-0.01973692334830973,0.0,0.9998052079564014,0.20892492050721562,0.0,0.758656354855425,0.0
0.9997868159340523,0.0,0.020647583017133556,0.0,1.0,0.0,-0.020647583017133556,0.0,0.9997868159340523,0.20937612977834022,0.0,0.7588896594766378,0.0
0.9997671694354457,0.0,0.021577926662141773,0.0,1.0,0.0,-0.021577926662141773,0.0,0.9997671694354457,0.20983731999320782,0.0,0.7591275870115188,0.0
0.9997462147271741,0.0,0.022527896898894294,0.0,1.0,0.0,-0.022527896898894294,0.0,0.9997462147271741,0.21030847732563035,0.0,0.759370095855768,0.0
0.9997238971291876,0.0,0.023497436218223488,0.0,1.0,0.0,-0.023497436218223488,0.0,0.9997238971291876,0.2107895881401838,0.0,0.7596171439079459,0.0
0.9997001610259474,0.0,0.024486486981492535,0.0,1.0,0.0,-0.024486486981492535,0.0,0.9997001610259474,0.2112806389869167,0.0,0.7598686885736777,0.0
0.999674949877563,0.0,0.025494991415803428,0.0,1.0,0.0,-0.025494991415803428,0.0,0.999674949877563,0.21178161659603784,0.0,0.760124686769838,0.0
0.9996482062309164,0.0,0.0265228916091567,0.0,1.0,0.0,-0.0265228916091567,0.0,0.9996482062309164,0.21229250787258405,0.0,0.7603850949287132,0.0
0.9996198717307727,0.0,0.027570129505564832,0.0,1.0,0.0,-0.027570129505564832,0.0,0.9996198717307727,0.21281329989106898,0.0,0.7606498690021474,0.0
0.9995898871308762,0.0,0.028636646900121444,0.0,1.0,0.0,-0.028636646900121444,0.0,0.9995898871308762,0.21334397989011378,0.0,0.7609189644656685,0.0
0.9995581923050358,0.0,0.02972238543402824,0.0,1.0,0.0,-0.02972238543402824,0.0,0.9995581923050358,0.21388453526706,0.0,0.7611923363225979,0.0
0.9995247262581971,0.0,0.03082728658958187,0.0,1.0,0.0,-0.03082728658958187,0.0,0.9995247262581971,0.21443495357256676,0.0,0.7614699391081424,0.0
0.9994894271375021,0.0,0.03195129168512248,0.0,1.0,0.0,-0.03195129168512248,0.0,0.9994894271375021,0.21499522250519182,0.0,0.7617517268934715,0.0
0.9994522322433399,0.0,0.03309434186994607,0.0,1.0,0.0,-0.03309434186994607,0.0,0.9994522322433399,0.21556532990595784,0.0,0.7620376532897787,0.0
0.9994130780403845,0.0,0.03425637811918267,0.0,1.0,0.0,-0.03425637811918267,0.0,0.9994130780403845,0.21614526375290488,0.0,0.7623276714523286,0.0
0.9993719001686233,0.0,0.0354373412286421,0.0,1.0,0.0,-0.0354373412286421,0.0,0.9993719001686233,0.21673501215563,0.0,0.7626217340844905,0.0
0.9993286334543765,0.0,0.03663717180962946,0.0,1.0,0.0,-0.03663717180962946,0.0,0.9993286334543765,0.21733456334981402,0.0,0.7629197934417593,0.0
0.9992832119213062,0.0,0.03785581028373222,0.0,1.0,0.0,-0.03785581028373222,0.0,0.9992832119213062,0.2179439056917371,0.0,0.7632218013357641,0.0
0.9992355688014167,0.0,0.03909319687758069,0.0,1.0,0.0,-0.03909319687758069,0.0,0.9992355688014167,0.21856302765278404,0.0,0.7635277091382653,0.0
0.9991856365460476,0.0,0.040349271617583976,0.0,1.0,0.0,-0.040349271617583976,0.0,0.9991856365460476,0.21919191781393896,0.0,0.7638374677851416,0.0
0.9991333468368582,0.0,0.04162397432464311,0.0,1.0,0.0,-0.04162397432464311,0.0,0.9991333468368582,0.21983056486027153,0.0,0.7641510277803664,0.0
0.9990786305968038,0.0,0.04291724460884345,0.0,1.0,0.0,-0.04291724460884345,0.0,0.9990786305968038,0.22047895757541475,0.0,0.7644683391999755,0.0
0.999021418001107,0.0,0.044229021864128006,0.0,1.0,0.0,-0.044229021864128006,0.0,0.999021418001107,0.22113708483603536,0.0,0.7647893516960262,0.0
0.9989616384882205,0.0,0.04555924526295353,0.0,1.0,0.0,-0.04555924526295353,0.0,0.9989616384882205,0.22180493560629735,0.0,0.765114014500549,0.0
0.9988992207707849,0.0,0.0469078537509316,0.0,1.0,0.0,-0.0469078537509316,0.0,0.9988992207707849,0.2224824989323199,0.0,0.7654422764294908,0.0
0.9988340928465806,0.0,0.04827478604145577,0.0,1.0,0.0,-0.04827478604145577,0.0,0.9988340928465806,0.22316976393662985,0.0,0.7657740858866542,0.0
0.9987661820094745,0.0,0.0496599806103175,0.0,1.0,0.0,-0.0496599806103175,0.0,0.9987661820094745,0.22386671981261042,0.0,0.7661093908676289,0.0
0.9986954148603617,0.0,0.0510633756903118,0.0,1.0,0.0,-0.0510633756903118,0.0,0.9986954148603617,0.22457335581894552,0.0,0.7664481389637191,0.0
0.9986217173181029,0.0,0.05248490926583505,0.0,1.0,0.0,-0.05248490926583505,0.0,0.9986217173181029,0.22528966127406216,0.0,0.7667902773658666,0.0
0.9985450146304579,0.0,0.05392451906747637,0.0,1.0,0.0,-0.05392451906747637,0.0,0.9985450146304579,0.2260156255505701,0.0,0.7671357528685698,0.0
0.9984652313850154,0.0,0.05538214256660429,0.0,1.0,0.0,-0.05538214256660429,0.0,0.9984652313850154,0.22675123806970054,0.0,0.7674845118738006,0.0
0.9983822915201196,0.0,0.056857716969950976,0.0,1.0,0.0,-0.056857716969950976,0.0,0.9983822915201196,0.22749648829574454,0.0,0.7678365003949176,0.0
0.9982961183357937,0.0,0.05835117921419483,0.0,1.0,0.0,-0.05835117921419483,0.0,0.9982961183357937,0.228251365730491,0.0,0.7681916640605787,0.0
0.9982066345046614,0.0,0.059862465960544155,0.0,1.0,0.0,-0.059862465960544155,0.0,0.9982066345046614,0.2290158599076662,0.0,0.7685499481186526,0.0
0.998113762082866,0.0,0.06139151358932289,0.0,1.0,0.0,-0.06139151358932289,0.0,0.998113762082866,0.2297899603873747,0.0,0.7689112974401294,0.0
0.9980174225209872,0.0,0.06293825819456042,0.0,1.0,0.0,-0.06293825819456042,0.0,0.9980174225209872,0.23057365675054292,0.0,0.7692756565230311,0.0
0.9979175366749579,0.0,0.0645026355785872,0.0,1.0,0.0,-0.0645026355785872,0.0,0.9979175366749579,0.23136693859336574,0.0,0.7696429694963242,0.0
0.9978140248169779,0.0,0.0660845812466375,0.0,1.0,0.0,-0.0660845812466375,0.0,0.9978140248169779,0.23216979552175704,0.0,0.7700131801238324,0.0
0.9977068066464285,0.0,0.06768403040146165,0.0,1.0,0.0,-0.06768403040146165,0.0,0.9977068066464285,0.23298221714580497,0.0,0.7703862318081519,0.0
0.9975958013007863,0.0,0.06930091793794814,0.0,1.0,0.0,-0.06930091793794814,0.0,0.9975958013007863,0.23380419307423228,0.0,0.7707620675945697,0.0
0.9974809273665353,0.0,0.07093517843775905,0.0,1.0,0.0,-0.07093517843775905,0.0,0.9974809273665353,0.23463571290886331,0.0,0.7711406301749836,0.0
0.9973621028900819,0.0,0.07258674616397856,0.0,1.0,0.0,-0.07258674616397856,0.0,0.9973621028900819,0.23547676623909697,0.0,0.7715218618918281,0.0
0.9972392453886672,0.0,0.07425555505577744,0.0,1.0,0.0,-0.07425555505577744,0.0,0.9972392453886672,0.2363273426363882,0.0,0.7719057047420029,0.0
0.9971122718612828,0.0,0.07594153872309455,0.0,1.0,0.0,-0.07594153872309455,0.0,0.9971122718612828,0.23718743164873646,0.0,0.772292100380807,0.0
0.9969810987995852,0.0,0.07764463044133706,0.0,1.0,0.0,-0.07764463044133706,0.0,0.9969810987995852,0.2380570227951845,0.0,0.7726809901258779,0.0
0.9968456421988127,0.0,0.0793647631461009,0.0,1.0,0.0,-0.0793647631461009,0.0,0.9968456421988127,0.23893610556032568,0.0,0.7730723149611375,0.0
0.9967058175687036,0.0,0.08110186942791314,0.0,1.0,0.0,-0.08110186942791314,0.0,0.9967058175687036,0.23982466938882202,0.0,0.7734660155407436,0.0
0.9965615399444151,0.0,0.08285588152699791,0.0,1.0,0.0,-0.08285588152699791,0.0,0.9965615399444151,0.24072270367993354,0.0,0.7738620321930488,0.0
0.9964127238974456,0.0,0.08462673132806668,0.0,1.0,0.0,-0.08462673132806668,0.0,0.9964127238974456,0.24163019778205863,0.0,0.7742603049245672,0.0
0.9962592835465574,0.0,0.0864143503551357,0.0,1.0,0.0,-0.0864143503551357,0.0,0.9962592835465574,0.24254714098728783,0.0,0.7746607734239485,0.0
0.9961011325687026,0.0,0.08821866976637115,0.0,1.0,0.0,-0.08821866976637115,0.0,0.9961011325687026,0.24347352252596977,0.0,0.7750633770659613,0.0
0.9959381842099512,0.0,0.09003962034896328,0.0,1.0,0.0,-0.09003962034896328,0.0,0.9959381842099512,0.24440933156129147,0.0,0.775468054915485,0.0
0.9957703512964217,0.0,0.09187713251403243,0.0,1.0,0.0,-0.09187713251403243,0.0,0.9957703512964217,0.245354557183873,0.0,0.7758747457315113,0.0
0.9955975462452143,0.0,0.09373113629156649,0.0,1.0,0.0,-0.09373113629156649,0.0,0.9955975462452143,0.24630918840637728,0.0,0.7762833879711556,0.0
0.9954196810753478,0.0,0.09560156132539299,0.0,1.0,0.0,-0.09560156132539299,0.0,0.9954196810753478,0.24727321415813555,0.0,0.7766939197936793,0.0
0.9952366674186974,0.0,0.09748833686818616,0.0,1.0,0.0,-0.09748833686818616,0.0,0.9952366674186974,0.24824662327978986,0.0,0.7771062790645219,0.0
0.9950484165309386,0.0,0.0993913917765108,0.0,1.0,0.0,-0.0993913917765108,0.0,0.9950484165309386,0.24922940451795206,0.0,0.7775204033593454,0.0
0.9948548393024911,0.0,0.10131065450590447,0.0,1.0,0.0,-0.10131065450590447,0.0,0.9948548393024911,0.2502215465198815,0.0,0.7779362299680901,0.0
0.9946558462694688,0.0,0.10324605310599914,0.0,1.0,0.0,-0.10324605310599914,0.0,0.9946558462694688,0.25122303782818045,0.0,0.7783536958990426,0.0
0.9944513476246316,0.0,0.10519751521568396,0.0,1.0,0.0,-0.10519751521568396,0.0,0.9944513476246316,0.2522338668755091,0.0,0.778772737882916,0.0
0.9942412532283406,0.0,0.10716496805831051,0.0,1.0,0.0,-0.10716496805831051,0.0,0.9942412532283406,0.2532540219793206,0.0,0.7791932923769439,0.0
0.9940254726195173,0.0,0.10914833843694143,0.0,1.0,0.0,-0.10914833843694143,0.0,0.9940254726195173,0.25428349133661643,0.0,0.7796152955689865,0.0
0.9938039150266067,0.0,0.11114755272964486,0.0,1.0,0.0,-0.11114755272964486,0.0,0.9938039150266067,0.25532226301872274,0.0,0.7800386833816515,0.0
0.9935764893785423,0.0,0.1131625368848348,0.0,1.0,0.0,-0.1131625368848348,0.0,0.9935764893785423,0.2563703249660892,0.0,0.7804633914764293,0.0
0.9933431043157166,0.0,0.11519321641665949,0.0,1.0,0.0,-0.11519321641665949,0.0,0.9933431043157166,0.2574276649831095,0.0,0.7808893552578411,0.0
0.9931036682009543,0.0,0.11723951640043911,0.0,1.0,0.0,-0.11723951640043911,0.0,0.9931036682009543,0.25849427073296555,0.0,0.7813165098776035,0.0
0.9928580891304885,0.0,0.11930136146815383,0.0,1.0,0.0,-0.11930136146815383,0.0,0.9928580891304885,0.2595701297324957,0.0,0.7817447902388075,0.0
0.9926062749449408,0.0,0.1213786758039835,0.0,1.0,0.0,-0.1213786758039835,0.0,0.9926062749449408,0.2606552293470866,0.0,0.7821741310001131,0.0
0.9923481332403059,0.0,0.12347138313990075,0.0,1.0,0.0,-0.12347138313990075,0.0,0.9923481332403059,0.261749556785591,0.0,0.7826044665799596,0.0
0.9920835713789373,0.0,0.12557940675131815,0.0,1.0,0.0,-0.12557940675131815,0.0,0.9920835713789373,0.26285309909527066,0.0,0.7830357311607922,0.0
0.9918124965005387,0.0,0.12770266945279124,0.0,1.0,0.0,-0.12770266945279124,0.0,0.9918124965005387,0.2639658431567661,0.0,0.7834678586933048,0.0
0.991534815533157,0.0,0.129841093593778,0.0,1.0,0.0,-0.129841093593778,0.0,0.991534815533157,0.26508777567909303,0.0,0.7839007829006999,0.0
0.9912504352041792,0.0,0.13199460105445712,0.0,1.0,0.0,-0.13199460105445712,0.0,0.9912504352041792,0.2662188831946668,0.0,0.7843344372829653,0.0
0.9909592620513319,0.0,0.134163113241605,0.0,1.0,0.0,-0.134163113241605,0.0,0.9909592620513319,0.26735915205435445,0.0,0.7847687551211676,0.0
0.990661202433684,0.0,0.13634655108453334,0.0,1.0,0.0,-0.13634655108453334,0.0,0.990661202433684,0.26850856842255655,0.0,0.7852036694817642,0.0
0.9903561625426522,0.0,0.13854483503108903,0.0,1.0,0.0,-0.13854483503108903,0.0,0.9903561625426522,0.26966711827231804,0.0,0.7856391132209322,0.0
0.9900440484130086,0.0,0.14075788504371659,0.0,1.0,0.0,-0.14075788504371659,0.0,0.9900440484130086,0.2708347873804692,0.0,0.7860750189889154,0.0
0.9897247659338911,0.0,0.14298562059558456,0.0,1.0,0.0,-0.14298562059558456,0.0,0.9897247659338911,0.2720115613227977,0.0,0.7865113192343905,0.0
0.9893982208598159,0.0,0.14522796066677732,0.0,1.0,0.0,-0.14522796066677732,0.0,0.9893982208598159,0.2731974254692517,0.0,0.7869479462088507,0.0
0.9890643188216921,0.0,0.1474848237405537,0.0,1.0,0.0,-0.1474848237405537,0.0,0.9890643188216921,0.2743923649791754,0.0,0.7873848319710076,0.0
0.9887229653378382,0.0,0.1497561277996729,0.0,1.0,0.0,-0.1497561277996729,0.0,0.9887229653378382,0.2755963647965771,0.0,0.7878219083912141,0.0
0.9883740658249999,0.0,0.15204179032278858,0.0,1.0,0.0,-0.15204179032278858,0.0,0.9883740658249999,0.2768094096454299,0.0,0.7882591071559039,0.0
0.9880175256093692,0.0,0.15434172828091405,0.0,1.0,0.0,-0.15434172828091405,0.0,0.9880175256093692,0.2780314840250072,0.0,0.7886963597720513,0.0
0.9876532499376052,0.0,0.1566558581339568,0.0,1.0,0.0,-0.1566558581339568,0.0,0.9876532499376052,0.27926257220525225,0.0,0.789133597571651,0.0
0.9872811439878549,0.0,0.15898409582732637,0.0,1.0,0.0,-0.15898409582732637,0.0,0.9872811439878549,0.28050265822218245,0.0,0.7895707517162165,0.0
0.9869011128807752,0.0,0.16132635678861437,0.0,1.0,0.0,-0.16132635678861437,0.0,0.9869011128807752,0.2817517258733298,0.0,0.7900077532012979,0.0
0.9865130616905547,0.0,0.16368255592434924,0.0,1.0,0.0,-0.16368255592434924,0.0,0.9865130616905547,0.28300975871321743,0.0,0.7904445328610216,0.0
0.9861168954559355,0.0,0.16605260761682575,0.0,1.0,0.0,-0.16605260761682575,0.0,0.9861168954559355,0.28427674004887304,0.0,0.7908810213726469,0.0
0.9857125191912348,0.0,0.16843642572101084,0.0,1.0,0.0,-0.16843642572101084,0.0,0.9857125191912348,0.28555265293537946,0.0,0.7913171492611458,0.0
0.9852998378973654,0.0,0.17083392356152655,0.0,1.0,0.0,-0.17083392356152655,0.0,0.9852998378973654,0.28683748017146393,0.0,0.7917528469038002,0.0
0.9848787565728555,0.0,0.17324501392971178,0.0,1.0,0.0,-0.17324501392971178,0.0,0.9848787565728555,0.28813120429512534,0.0,0.7921880445348213,0.0
0.9844491802248667,0.0,0.1756696090807624,0.0,1.0,0.0,-0.1756696090807624,0.0,0.9844491802248667,0.2894338075793011,0.0,0.7926226722499888,0.0
0.9840110138802103,0.0,0.17810762073095168,0.0,1.0,0.0,-0.17810762073095168,0.0,0.9840110138802103,0.29074527202757344,0.0,0.79305666001131,0.0
0.9835641625963611,0.0,0.18055896005493263,0.0,1.0,0.0,-0.18055896005493263,0.0,0.9835641625963611,0.2920655793699166,0.0,0.7934899376517002,0.0
0.9831085314724692,0.0,0.1830235376831216,0.0,1.0,0.0,-0.1830235376831216,0.0,0.9831085314724692,0.29339471105848447,0.0,0.7939224348796828,0.0
0.9826440256603673,0.0,0.18550126369916523,0.0,1.0,0.0,-0.18550126369916523,0.0,0.9826440256603673,0.29473264826344,0.0,0.7943540812841108,0.0
0.9821705503755767,0.0,0.18799204763749133,0.0,1.0,0.0,-0.18799204763749133,0.0,0.9821705503755767,0.29607937186882644,0.0,0.7947848063389085,0.0
0.9816880109083066,0.0,0.19049579848094444,0.0,1.0,0.0,-0.19049579848094444,0.0,0.9816880109083066,0.2974348624684817,0.0,0.7952145394078334,0.0
0.9811963126344513,0.0,0.19301242465850765,0.0,1.0,0.0,-0.19301242465850765,0.0,0.9811963126344513,0.2987991003619955,0.0,0.7956432097492595,0.0
0.9806953610265814,0.0,0.19554183404311012,0.0,1.0,0.0,-0.19554183404311012,0.0,0.9806953610265814,0.3001720655507102,0.0,0.7960707465209813,0.0
0.9801850616649291,0.0,0.19808393394952314,0.0,1.0,0.0,-0.19808393394952314,0.0,0.9801850616649291,0.3015537377337666,0.0,0.796497078785037,0.0
0.979665320248369,0.0,0.20063863113234348,0.0,1.0,0.0,-0.20063863113234348,0.0,0.979665320248369,0.30294409630419356,0.0,0.7969221355125542,0.0
0.9791360426053908,0.0,0.20320583178406673,0.0,1.0,0.0,-0.20320583178406673,0.0,0.9791360426053908,0.3043431203450441,0.0,0.7973458455886148,0.0
0.978597134705066,0.0,0.20578544153325024,0.0,1.0,0.0,-0.20578544153325024,0.0,0.978597134705066,0.305750788625577,0.0,0.7977681378171411,0.0
0.9780485026680076,0.0,0.2083773654427667,0.0,1.0,0.0,-0.2083773654427667,0.0,0.9780485026680076,0.30716707959748435,0.0,0.798188940925802,0.0
0.9774900527773197,0.0,0.21098150800814947,0.0,1.0,0.0,-0.21098150800814947,0.0,0.9774900527773197,0.30859197139116723,0.0,0.7986081835709397,0.0
0.9769216914895406,0.0,0.2135977731560304,0.0,1.0,0.0,-0.2135977731560304,0.0,0.9769216914895406,0.31002544181205804,0.0,0.7990257943425169,0.0
0.9763433254455753,0.0,0.21622606424267027,0.0,1.0,0.0,-0.21622606424267027,0.0,0.9763433254455753,0.31146746833699146,0.0,0.7994417017690839,0.0
0.9757548614816192,0.0,0.21886628405258368,0.0,1.0,0.0,-0.21886628405258368,0.0,0.9757548614816192,0.31291802811062364,0.0,0.7998558343227663,0.0
0.9751562066400695,0.0,0.22151833479725783,0.0,1.0,0.0,-0.22151833479725783,0.0,0.9751562066400695,0.3143770979419007,0.0,0.8002681204242721,0.0
0.9745472681804281,0.0,0.22418211811396707,0.0,1.0,0.0,-0.22418211811396707,0.0,0.9745472681804281,0.31584465430057695,0.0,0.8006784884479191,0.0
0.9739279535901904,0.0,0.22685753506468342,0.0,1.0,0.0,-0.22685753506468342,0.0,0.9739279535901904,0.3173206733137833,0.0,0.8010868667266823,0.0
0.9732981705957228,0.0,0.22954448613508302,0.0,1.0,0.0,-0.22954448613508302,0.0,0.9732981705957228,0.3188051307626456,0.0,0.8014931835572605,0.0
0.9726578271731277,0.0,0.23224287123365095,0.0,1.0,0.0,-0.23224287123365095,0.0,0.9726578271731277,0.32029800207895576,0.0,0.8018973672051627,0.0
0.9720068315590932,0.0,0.23495258969088356,0.0,1.0,0.0,-0.23495258969088356,0.0,0.9720068315590932,0.32179926234189254,0.0,0.8022993459098136,0.0
0.97134509226173,0.0,0.2376735402585889,0.0,1.0,0.0,-0.2376735402585889,0.0,0.97134509226173,0.3233088862747962,0.0,0.8026990478896783,0.0
0.9706725180713927,0.0,0.24040562110928687,0.0,1.0,0.0,-0.24040562110928687,0.0,0.9706725180713927,0.3248268482419945,0.0,0.8030964013474066,0.0
0.9699890180714837,0.0,0.24314872983570943,0.0,1.0,0.0,-0.24314872983570943,0.0,0.9699890180714837,0.3263531222456828,0.0,0.803491334474995,0.0
0.9692945016492439,0.0,0.24590276345040085,0.0,1.0,0.0,-0.24590276345040085,0.0,0.9692945016492439,0.32788768192285744,0.0,0.8038837754589686,0.0
0.968588878506523,0.0,0.2486676183854182,0.0,1.0,0.0,-0.2486676183854182,0.0,0.968588878506523,0.3294305005423024,0.0,0.8042736524855798,0.0
0.967872058670533,0.0,0.25144319049213526,0.0,1.0,0.0,-0.25144319049213526,0.0,0.967872058670533,0.3309815510016322,0.0,0.8046608937460272,0.0
0.9671439525045835,0.0,0.25422937504114657,0.0,1.0,0.0,-0.25422937504114657,0.0,0.9671439525045835,0.33254080582438805,0.0,0.8050454274416905,0.0
0.9664044707187962,0.0,0.25702606672227507,0.0,1.0,0.0,-0.25702606672227507,0.0,0.9664044707187962,0.3341082371571909,0.0,0.8054271817893842,0.0
0.9656535243808004,0.0,0.25983315964468223,0.0,1.0,0.0,-0.25983315964468223,0.0,0.9656535243808004,0.33568381676694903,0.0,0.8058060850266291,0.0
0.9648910249264063,0.0,0.26265054733708276,0.0,1.0,0.0,-0.26265054733708276,0.0,0.9648910249264063,0.33726751603812355,0.0,0.8061820654169395,0.0
0.964116884170257,0.0,0.26547812274806243,0.0,1.0,0.0,-0.26547812274806243,0.0,0.964116884170257,0.33885930597004954,0.0,0.8065550512551293,0.0
0.9633310143164576,0.0,0.2683157782465,0.0,1.0,0.0,-0.2683157782465,0.0,0.9633310143164576,0.3404591571743145,0.0,0.8069249708726332,0.0
0.962533327969181,0.0,0.2711634056220955,0.0,1.0,0.0,-0.2711634056220955,0.0,0.962533327969181,0.3420670398721954,0.0,0.8072917526428447,0.0
0.9617237381432486,0.0,0.274020896086003,0.0,1.0,0.0,-0.274020896086003,0.0,0.9617237381432486,0.34368292389215316,0.0,0.8076553249864713,0.0
0.9609021582746873,0.0,0.27688814027156866,0.0,1.0,0.0,-0.27688814027156866,0.0,0.9609021582746873,0.3453067786673854,0.0,0.8080156163769037,0.0
0.9600685022312581,0.0,0.279765028235176,0.0,1.0,0.0,-0.279765028235176,0.0,0.9600685022312581,0.3469385732334388,0.0,0.808372555345601,0.0
0.9592226843229604,0.0,0.2826514494571968,0.0,1.0,0.0,-0.2826514494571968,0.0,0.9592226843229604,0.34857827622588056,0.0,0.808726070487493,0.0
0.9583646193125067,0.0,0.2855472928430493,0.0,1.0,0.0,-0.2855472928430493,0.0,0.9583646193125067,0.35022585587802935,0.0,0.8090760904663936,0.0
0.9574942224257691,0.0,0.2884524467243636,0.0,1.0,0.0,-0.2884524467243636,0.0,0.9574942224257691,0.35188128001874686,0.0,0.8094225440204325,0.0
0.9566114093621967,0.0,0.291366798860254,0.0,1.0,0.0,-0.291366798860254,0.0,0.9566114093621967,0.3535445160702897,0.0,0.809765359967498,0.0
0.9557160963052019,0.0,0.29429023643870017,0.0,1.0,0.0,-0.29429023643870017,0.0,0.9557160963052019,0.35521553104622205,0.0,0.810104467210696,0.0
0.9548081999325156,0.0,0.29722264607803567,0.0,1.0,0.0,-0.29722264607803567,0.0,0.9548081999325156,0.35689429154939034,0.0,0.8104397947438198,0.0
0.9538876374265106,0.0,0.30016391382854435,0.0,1.0,0.0,-0.30016391382854435,0.0,0.9538876374265106,0.3585807637699583,0.0,0.810771271656836,0.0
0.9529543264844909,0.0,0.3031139251741667,0.0,1.0,0.0,-0.3031139251741667,0.0,0.9529543264844909,0.3602749134835053,0.0,0.8110988271413802,0.0
0.9520081853289474,0.0,0.30607256503431435,0.0,1.0,0.0,-0.30607256503431435,0.0,0.9520081853289474,0.3619767060491873,0.0,0.8114223904962664,0.0
0.9510491327177788,0.0,0.30903971776579275,0.0,1.0,0.0,-0.30903971776579275,0.0,0.9510491327177788,0.3636861064079585,0.0,0.8117418911330081,0.0
0.9500770879544758,0.0,0.3120152671648348,0.0,1.0,0.0,-0.3120152671648348,0.0,0.9500770879544758,0.3654030790808589,0.0,0.8120572585813506,0.0
0.949091970898269,0.0,0.3149990964692426,0.0,1.0,0.0,-0.3149990964692426,0.0,0.949091970898269,0.3671275881673634,0.0,0.8123684224948144,0.0
0.9480937019742386,0.0,0.317991088360639,0.0,1.0,0.0,-0.317991088360639,0.0,0.9480937019742386,0.36885959734379514,0.0,0.8126753126562489,0.0
0.9470822021833847,0.0,0.32099112496682913,0.0,1.0,0.0,-0.32099112496682913,0.0,0.9470822021833847,0.37059906986180335,0.0,0.8129778589833967,0.0
0.9460573931126588,0.0,0.3239990878642718,0.0,1.0,0.0,-0.3239990878642718,0.0,0.9460573931126588,0.37234596854690516,0.0,0.8132759915344673,0.0
0.9450191969449538,0.0,0.3270148580806606,0.0,1.0,0.0,-0.3270148580806606,0.0,0.9450191969449538,0.3741002557970927,0.0,0.8135696405137199,0.0
0.943967536469052,0.0,0.33003831609761475,0.0,1.0,0.0,-0.33003831609761475,0.0,0.943967536469052,0.37586189358150457,0.0,0.8138587362770555,0.0
0.9429023350895304,0.0,0.33306934185348086,0.0,1.0,0.0,-0.33306934185348086,0.0,0.9429023350895304,0.377630843439163,0.0,0.8141432093376165,0.0
0.9418235168366229,0.0,0.3361078147462442,0.0,1.0,0.0,-0.3361078147462442,0.0,0.9418235168366229,0.3794070664777769,0.0,0.8144229903713951,0.0
0.9407310063760362,0.0,0.3391536136365496,0.0,1.0,0.0,-0.3391536136365496,0.0,0.9407310063760362,0.38119052337261017,0.0,0.8146980102228476,0.0
0.9396247290187216,0.0,0.34220661685083453,0.0,1.0,0.0,-0.34220661685083453,0.0,0.9396247290187216,0.38298117436541734,0.0,0.8149681999105178,0.0
0.9385046107305981,0.0,0.34526670218456984,0.0,1.0,0.0,-0.34526670218456984,0.0,0.9385046107305981,0.38477897926344434,0.0,0.8152334906326641,0.0
0.9373705781422291,0.0,0.34833374690561225,0.0,1.0,0.0,-0.34833374690561225,0.0,0.9373705781422291,0.38658389743849664,0.0,0.8154938137728945,0.0
0.9362225585584494,0.0,0.3514076277576666,0.0,1.0,0.0,-0.3514076277576666,0.0,0.9362225585584494,0.3883958878260747,0.0,0.8157491009058059,0.0
0.9350604799679426,0.0,0.3544882209638577,0.0,1.0,0.0,-0.3544882209638577,0.0,0.9350604799679426,0.3902149089245759,0.0,0.8159992838026284,0.0
0.9338842710527672,0.0,0.3575754022304132,0.0,1.0,0.0,-0.3575754022304132,0.0,0.9338842710527672,0.3920409187945648,0.0,0.8162442944368741,0.0
0.9326938611978308,0.0,0.3606690467504545,0.0,1.0,0.0,-0.3606690467504545,0.0,0.9326938611978308,0.3938738750581101,0.0,0.8164840649899893,0.0
0.9314891805003116,0.0,0.3637690292079,0.0,1.0,0.0,-0.3637690292079,0.0,0.9314891805003116,0.39571373489819023,0.0,0.81671852785701,0.0
0.9302701597790249,0.0,0.36687522378147497,0.0,1.0,0.0,-0.36687522378147497,0.0,0.9302701597790249,0.39756045505816695,0.0,0.8169476156522206,0.0
0.9290367305837358,0.0,0.3699875041488335,0.0,1.0,0.0,-0.3699875041488335,0.0,0.9290367305837358,0.399413991841327,0.0,0.8171712612148134,0.0
0.9277888252044137,0.0,0.3731057434907881,0.0,1.0,0.0,-0.3731057434907881,0.0,0.9277888252044137,0.40127430111049256,0.0,0.8173893976145511,0.0
0.9265263766804318,0.0,0.3762298144956493,0.0,1.0,0.0,-0.3762298144956493,0.0,0.9265263766804318,0.4031413382877004,0.0,0.817601958157429,0.0
0.9252493188097063,0.0,0.3793595893636728,0.0,1.0,0.0,-0.3793595893636728,0.0,0.9252493188097063,0.40501505835394924,0.0,0.8178088763913384,0.0
0.9239575861577775,0.0,0.382494939811618,0.0,1.0,0.0,-0.382494939811618,0.0,0.9239575861577775,0.4068954158490178,0.0,0.8180100861117297,0.0
0.9226511140668295,0.0,0.3856357370774112,0.0,1.0,0.0,-0.3856357370774112,0.0,0.9226511140668295,0.4087823648713499,0.0,0.8182055213672743,0.0
0.9213298386646497,0.0,0.38878185192492026,0.0,1.0,0.0,-0.38878185192492026,0.0,0.9213298386646497,0.41067585907801085,0.0,0.8183951164655254,0.0
0.9199936968735233,0.0,0.3919331546488352,0.0,1.0,0.0,-0.3919331546488352,0.0,0.9199936968735233,0.4125758516847122,0.0,0.8185788059785767,0.0
0.9186426264190669,0.0,0.39508951507965706,0.0,1.0,0.0,-0.39508951507965706,0.0,0.9186426264190669,0.41448229546590687,0.0,0.8187565247487187,0.0
0.9172765658389957,0.0,0.39825080258879403,0.0,1.0,0.0,-0.39825080258879403,0.0,0.9172765658389957,0.41639514275495304,0.0,0.8189282078940918,0.0
0.915895454491825,0.0,0.4014168860937634,0.0,1.0,0.0,-0.4014168860937634,0.0,0.915895454491825,0.4183143454443492,0.0,0.819093790814335,0.0
0.914499232565505,0.0,0.4045876340635021,0.0,1.0,0.0,-0.4045876340635021,0.0,0.914499232565505,0.4202398549860384,0.0,0.819253209196231,0.0
0.9130878410859884,0.0,0.4077629145237815,0.0,1.0,0.0,-0.4077629145237815,0.0,0.9130878410859884,0.42217162239178274,0.0,0.8194063990193459,0.0
0.9116612219257271,0.0,0.41094259506272923,0.0,1.0,0.0,-0.41094259506272923,0.0,0.9116612219257271,0.4241095982336088,0.0,0.8195532965616629,0.0
0.9102193178121007,0.0,0.4141265428364546,0.0,1.0,0.0,-0.4141265428364546,0.0,0.9102193178121007,0.4260537326443212,0.0,0.8196938384052099,0.0
0.9087620723357731,0.0,0.4173146245747817,0.0,1.0,0.0,-0.4173146245747817,0.0,0.9087620723357731,0.4280039753180901,0.0,0.8198279614416807,0.0
0.9072894299589762,0.0,0.42050670658708406,0.0,1.0,0.0,-0.42050670658708406,0.0,0.9072894299589762,0.42996027551110494,0.0,0.8199556028780473,0.0
0.9058013360237211,0.0,0.4237026547682251,0.0,1.0,0.0,-0.4237026547682251,0.0,0.9058013360237211,0.43192258204230216,0.0,0.8200767002421646,0.0
0.904297736759935,0.0,0.4269023346046017,0.0,1.0,0.0,-0.4269023346046017,0.0,0.904297736759935,0.4338908432941616,0.0,0.8201911913883674,0.0
0.9027785792935215,0.0,0.43010561118029034,0.0,1.0,0.0,-0.43010561118029034,0.0,0.9027785792935215,0.4358650072135738,0.0,0.8202990145030551,0.0
0.9012438116543455,0.0,0.43331234918329575,0.0,1.0,0.0,-0.43331234918329575,0.0,0.9012438116543455,0.43784502131277797,0.0,0.8204001081102686,0.0
0.8996933827841408,0.0,0.43652241291190247,0.0,1.0,0.0,-0.43652241291190247,0.0,0.8996933827841408,0.4398308326703707,0.0,0.8204944110772556,0.0
0.8981272425443368,0.0,0.43973566628112615,0.0,1.0,0.0,-0.43973566628112615,0.0,0.8981272425443368,0.44182238793238515,0.0,0.8205818626200229,0.0
0.8965453417238087,0.0,0.44295197282926624,0.0,1.0,0.0,-0.44295197282926624,0.0,0.8965453417238087,0.4438196333134401,0.0,0.8206624023088789,0.0
0.894947632046544,0.0,0.4461711957245601,0.0,1.0,0.0,-0.4461711957245601,0.0,0.894947632046544,0.44582251459796146,0.0,0.820735970073961,0.0
0.8933340661792288,0.0,0.4493931977719346,0.0,1.0,0.0,-0.4493931977719346,0.0,0.8933340661792288,0.44783097714147224,0.0,0.8208025062107509,0.0
0.8917045977387512,0.0,0.45261784141985817,0.0,1.0,0.0,-0.45261784141985817,0.0,0.8917045977387512,0.44984496587195444,0.0,0.8208619513855745,0.0
0.8900591812996198,0.0,0.45584498876728974,0.0,1.0,0.0,-0.45584498876728974,0.0,0.8900591812996198,0.4518644252912807,0.0,0.8209142466410874,0.0
0.8883977724012979,0.0,0.45907450157072727,0.0,1.0,0.0,-0.45907450157072727,0.0,0.8883977724012979,0.4538892994767169,0.0,0.8209593334017444,0.0
0.8867203275554518,0.0,0.4623062412513507,0.0,1.0,0.0,-0.4623062412513507,0.0,0.8867203275554518,0.45591953208249475,0.0,0.8209971534792534,0.0
0.885026804253112,0.0,0.46554006890226296,0.0,1.0,0.0,-0.46554006890226296,0.0,0.885026804253112,0.4579550663414547,0.0,0.8210276490780107,0.0
0.8833171609717452,0.0,0.4687758452958259,0.0,1.0,0.0,-0.4687758452958259,0.0,0.8833171609717452,0.4599958450667595,0.0,0.8210507628005204,0.0
0.8815913571822389,0.0,0.47201343089109027,0.0,1.0,0.0,-0.47201343089109027,0.0,0.8815913571822389,0.46204181065367733,0.0,0.8210664376527931,0.0
0.8798493533557952,0.0,0.47525268584132074,0.0,1.0,0.0,-0.47525268584132074,0.0,0.8798493533557952,0.4640929050814353,0.0,0.8210746170497284,0.0
0.8780911109707326,0.0,0.4784934700016132,0.0,1.0,0.0,-0.4784934700016132,0.0,0.8780911109707326,0.46614906991514266,0.0,0.8210752448204742,0.0
0.8763165925191967,0.0,0.4817356429366049,0.0,1.0,0.0,-0.4817356429366049,0.0,0.8763165925191967,0.4682102463077843,0.0,0.821068265213768,0.0
0.8745257615137778,0.0,0.4849790639282762,0.0,1.0,0.0,-0.4849790639282762,0.0,0.8745257615137778,0.4702763750022829,0.0,0.8210536229032557,0.0
0.8727185824940336,0.0,0.48822359198384174,0.0,1.0,0.0,-0.48822359198384174,0.0,0.8727185824940336,0.4723473963336315,0.0,0.8210312629927882,0.0
0.8708950210329166,0.0,0.4914690858437342,0.0,1.0,0.0,-0.4914690858437342,0.0,0.8708950210329166,0.4744232502310954,0.0,0.8210011310216961,0.0
0.8690550437431067,0.0,0.49471540398967456,0.0,1.0,0.0,-0.49471540398967456,0.0,0.8690550437431067,0.4765038762204826,0.0,0.8209631729700408,0.0
0.8671986182832454,0.0,0.49796240465283126,0.0,1.0,0.0,-0.49796240465283126,0.0,0.8671986182832454,0.47858921342648414,0.0,0.8209173352638406,0.0
0.8653257133640726,0.0,0.5012099458220666,0.0,1.0,0.0,-0.5012099458220666,0.0,0.8653257133640726,0.48067920057508207,0.0,0.8208635647802729,0.0
0.8634362987544635,0.0,0.5044578852522704,0.0,1.0,0.0,-0.5044578852522704,0.0,0.8634362987544635,0.48277377599602783,0.0,0.8208018088528501,0.0
0.8615303452873669,0.0,0.5077060804727774,0.0,1.0,0.0,-0.5077060804727774,0.0,0.8615303452873669,0.4848728776253872,0.0,0.8207320152765707,0.0
0.8596078248656418,0.0,0.5109543887958691,0.0,1.0,0.0,-0.5109543887958691,0.0,0.8596078248656418,0.4869764430081547,0.0,0.8206541323130407,0.0
0.8576687104677909,0.0,0.5142026673253616,0.0,1.0,0.0,-0.5142026673253616,0.0,0.8576687104677909,0.48908440930093555,0.0,0.8205681086955698,0.0
0.8557129761535943,0.0,0.5174507729652726,0.0,1.0,0.0,-0.5174507729652726,0.0,0.8557129761535943,0.4911967132746959,0.0,0.8204738936342383,0.0
0.8537405970696359,0.0,0.520698562428572,0.0,1.0,0.0,-0.520698562428572,0.0,0.8537405970696359,0.49331329131757956,0.0,0.820371436820934,0.0
0.8517515494547283,0.0,0.523945892246012,0.0,1.0,0.0,-0.523945892246012,0.0,0.8517515494547283,0.4954340794377931,0.0,0.8202606884343608,0.0
0.8497458106452298,0.0,0.5271926187750368,0.0,1.0,0.0,-0.5271926187750368,0.0,0.8497458106452298,0.4975590132665573,0.0,0.8201415991450152,0.0
0.8477233590802568,0.0,0.530438598208771,0.0,1.0,0.0,-0.530438598208771,0.0,0.8477233590802568,0.49968802806112533,0.0,0.8200141201201326,0.0
0.8456841743067871,0.0,0.5336836865850854,0.0,1.0,0.0,-0.5336836865850854,0.0,0.8456841743067871,0.501821058707868,0.0,0.8198782030286009,0.0
0.843628236984657,0.0,0.5369277397957376,0.0,1.0,0.0,-0.5369277397957376,0.0,0.843628236984657,0.5039580397254242,0.0,0.8197338000458416,0.0
0.8415555288914472,0.0,0.5401706135955903,0.0,1.0,0.0,-0.5401706135955903,0.0,0.8415555288914472,0.5060989052679181,0.0,0.8195808638586576,0.0
0.8394660329272606,0.0,0.5434121636119009,0.0,1.0,0.0,-0.5434121636119009,0.0,0.8394660329272606,0.5082435891282417,0.0,0.8194193476700463,0.0
0.8373597331193884,0.0,0.5466522453536861,0.0,1.0,0.0,-0.5466522453536861,0.0,0.8373597331193884,0.5103920247414016,0.0,0.8192492052039789,0.0
0.8352366146268648,0.0,0.5498907142211569,0.0,1.0,0.0,-0.5498907142211569,0.0,0.8352366146268648,0.5125441451879316,0.0,0.8190703907101425,0.0
0.83309666374491,0.0,0.5531274255152246,0.0,1.0,0.0,-0.5531274255152246,0.0,0.83309666374491,0.5146998831973697,0.0,0.8188828589686477,0.0
0.8309398679092583,0.0,0.556362234447077,0.0,1.0,0.0,-0.556362234447077,0.0,0.8309398679092583,0.5168591711517998,0.0,0.8186865652946974,0.0
0.8287662157003743,0.0,0.5595949961478217,0.0,1.0,0.0,-0.5595949961478217,0.0,0.8287662157003743,0.519021941089455,0.0,0.8184814655432197,0.0
0.8265756968475528,0.0,0.562825565678197,0.0,1.0,0.0,-0.562825565678197,0.0,0.8265756968475528,0.5211881247083872,0.0,0.8182675161134607,0.0
0.8243683022329038,0.0,0.5660537980383488,0.0,1.0,0.0,-0.5660537980383488,0.0,0.8243683022329038,0.5233576533701975,0.0,0.81804467395354,0.0
0.8221440238952211,0.0,0.5692795481776717,0.0,1.0,0.0,-0.5692795481776717,0.0,0.8221440238952211,0.5255304581038307,0.0,0.817812896564964,0.0
0.8199028550337342,0.0,0.5725026710047137,0.0,1.0,0.0,-0.5725026710047137,0.0,0.8199028550337342,0.5277064696094305,0.0,0.8175721420071016,0.0
0.8176447900117411,0.0,0.5757230213971436,0.0,1.0,0.0,-0.5757230213971436,0.0,0.8176447900117411,0.5298856182622583,0.0,0.8173223689016158,0.0
0.8153698243601251,0.0,0.5789404542117771,0.0,1.0,0.0,-0.5789404542117771,0.0,0.8153698243601251,0.5320678341166711,0.0,0.817063536436856,0.0
0.8130779547807495,0.0,0.582154824294666,0.0,1.0,0.0,-0.582154824294666,0.0,0.8130779547807495,0.5342530469101634,0.0,0.8167956043722059,0.0
0.8107691791497347,0.0,0.5853659864912425,0.0,1.0,0.0,-0.5853659864912425,0.0,0.8107691791497347,0.5364411860674657,0.0,0.816518533042389,0.0
0.8084434965206129,0.0,0.5885737956565223,0.0,1.0,0.0,-0.5885737956565223,0.0,0.8084434965206129,0.538632180704707,0.0,0.8162322833617296,0.0
0.8061009071273639,0.0,0.5917781066653625,0.0,1.0,0.0,-0.5917781066653625,0.0,0.8061009071273639,0.5408259596336336,0.0,0.8159368168283705,0.0
0.8037414123873263,0.0,0.5949787744227738,0.0,1.0,0.0,-0.5949787744227738,0.0,0.8037414123873263,0.5430224513658888,0.0,0.8156320955284436,0.0
0.8013650149039881,0.0,0.598175653874287,0.0,1.0,0.0,-0.598175653874287,0.0,0.8013650149039881,0.5452215841173507,0.0,0.8153180821401957,0.0
0.7989717184696542,0.0,0.601368600016369,0.0,1.0,0.0,-0.601368600016369,0.0,0.7989717184696542,0.5474232858125277,0.0,0.8149947399380681,0.0
