0.0,0.0,1.0,0.0,1.0,0.0,-1.0,0.0,0.0,0.0,0.0,0.5,0.0
-3.687695566481652e-06,0.0,0.9999999999932004,0.0,1.0,0.0,-0.9999999999932004,0.0,-3.687695566481652e-06,5.179762357332699e-06,0.0,0.500000085518514,0.0
-1.4738464284411039e-05,0.0,0.9999999998913889,0.0,1.0,0.0,-0.9999999998913889,0.0,-1.4738464284411039e-05,2.07017493971578e-05,0.0,0.5000003416740144,0.0
-3.313382917777806e-05,0.0,0.9999999994510747,0.0,1.0,0.0,-0.9999999994510747,0.0,-3.313382917777806e-05,4.654001388091137e-05,0.0,0.5000007676959591,0.0
-5.885531325767655e-05,0.0,0.9999999982680261,0.0,1.0,0.0,-0.9999999982680261,0.0,-5.885531325767655e-05,8.266861227995234e-05,0.0,0.5000013625880284,0.0
-9.188443950757195e-05,0.0,0.9999999957786249,0.0,1.0,0.0,-0.9999999957786249,0.0,-9.188443950757195e-05,0.0001290616047234605,0.0,0.5000021251300256,0.0
-0.00013220273086284978,0.0,0.999999991261219,0.0,1.0,0.0,-0.999999991261219,0.0,-0.00013220273086284978,0.00018569305493832693,0.0,0.5000030538797785,0.0
-0.00017979171018474784,0.0,0.9999999838374704,0.0,1.0,0.0,-0.9999999838374704,0.0,-0.00017979171018474784,0.00025253703018128737,0.0,0.5000041471750304,0.0
-0.00023463290022877558,0.0,0.9999999724737006,0.0,1.0,0.0,-0.9999999724737006,0.0,-0.00023463290022877558,0.0003295676011633504,0.0,0.5000054031353302,0.0
-0.0002967078236077215,0.0,0.9999999559822328,0.0,1.0,0.0,-0.9999999559822328,0.0,-0.0002967078236077215,0.00041675884196672245,0.0,0.5000068196639159,0.0
-0.00036599800274934977,0.0,0.9999999330227287,0.0,1.0,0.0,-0.9999999330227287,0.0,-0.00036599800274934977,0.0005140848299543623,0.0,0.5000083944495926,0.0
-0.0004424849598488883,0.0,0.9999999021035254,0.0,1.0,0.0,-0.9999999021035254,0.0,-0.0004424849598488883,0.0006215196456722599,0.0,0.5000101249686077,0.0
-0.0005261502168164048,0.0,0.999999861582965,0.0,1.0,0.0,-0.999999861582965,0.0,-0.0005261502168164048,0.000739037372744669,0.0,0.5000120084865187,0.0
-0.0006169752952191728,0.0,0.9999998096707244,0.0,1.0,0.0,-0.9999998096707244,0.0,-0.0006169752952191728,0.0008666120977623235,0.0,0.5000140420600584,0.0
-0.0007149417162191259,0.0,0.9999997444291385,0.0,1.0,0.0,-0.9999997444291385,0.0,-0.0007149417162191259,0.001004217910163886,0.0,0.5000162225389929,0.0
-0.0008200310005054955,0.0,0.9999996637745225,0.0,1.0,0.0,-0.9999996637745225,0.0,-0.0008200310005054955,0.0011518289021106678,0.0,0.5000185465679772,0.0
-0.0009322246682227299,0.0,0.9999995654784896,0.0,1.0,0.0,-0.9999995654784896,0.0,-0.0009322246682227299,0.001309419168354826,0.0,0.5000210105884039,0.0
-0.0010515042388937962,0.0,0.999999447169265,0.0,1.0,0.0,-0.999999447169265,0.0,-0.0010515042388937962,0.0014769628061011436,0.0,0.5000236108402477,0.0
-0.0011778512313389499,0.0,0.9999993063329978,0.0,1.0,0.0,-0.9999993063329978,0.0,-0.0011778512313389499,0.001654433914862529,0.0,0.500026343363906,0.0
-0.0013112471635900794,0.0,0.9999991403150684,0.0,1.0,0.0,-0.9999991403150684,0.0,-0.0013112471635900794,0.0018418065963093572,0.0,0.5000292040020329,0.0
-0.0014516735528007107,0.0,0.999998946321393,0.0,1.0,0.0,-0.999998946321393,0.0,-0.0014516735528007107,0.0020390549541128254,0.0,0.5000321884013701,0.0
-0.0015991119151517702,0.0,0.999998721419724,0.0,1.0,0.0,-0.999998721419724,0.0,-0.0015991119151517702,0.0022461530937824105,0.0,0.5000352920145709,0.0
-0.0017535437657531972,0.0,0.9999984625409489,0.0,1.0,0.0,-0.9999984625409489,0.0,-0.0017535437657531972,0.0024630751224975654,0.0,0.5000385101020222,0.0
-0.0019149506185414974,0.0,0.9999981664803834,0.0,1.0,0.0,-0.9999981664803834,0.0,-0.0019149506185414974,0.0026897951489338197,0.0,0.5000418377336587,0.0
-0.0020833139861733377,0.0,0.9999978298990628,0.0,1.0,0.0,-0.9999978298990628,0.0,-0.0020833139861733377,0.0029262872830833715,0.0,0.5000452697907745,0.0
-0.00225861537991525,0.0,0.9999974493250299,0.0,1.0,0.0,-0.9999974493250299,0.0,-0.00225861537991525,0.0031725256360703035,0.0,0.5000488009678288,0.0
-0.002440836309529573,0.0,0.9999970211546183,0.0,1.0,0.0,-0.9999970211546183,0.0,-0.002440836309529573,0.0034284843199605943,0.0,0.5000524257742468,0.0
-0.002629958283156675,0.0,0.9999965416537343,0.0,1.0,0.0,-0.9999965416537343,0.0,-0.002629958283156675,0.003694137447566985,0.0,0.5000561385362166,0.0
-0.0028259628071935898,0.0,0.999996006959134,0.0,1.0,0.0,-0.999996006959134,0.0,-0.0028259628071935898,0.003969459132248862,0.0,0.5000599333984809,0.0
-0.003028831386169125,0.0,0.9999954130796972,0.0,1.0,0.0,-0.9999954130796972,0.0,-0.003028831386169125,0.004254423487707308,0.0,0.5000638043261229,0.0
-0.003238545522615539,0.0,0.9999947558976987,0.0,1.0,0.0,-0.9999947558976987,0.0,-0.003238545522615539,0.00454900462777536,0.0,0.5000677451063495,0.0
-0.003455086716936885,0.0,0.9999940311700758,0.0,1.0,0.0,-0.9999940311700758,0.0,-0.003455086716936885,0.004853176666203701,0.0,0.5000717493502683,0.0
-0.003678436467274084,0.0,0.9999932345296924,0.0,1.0,0.0,-0.9999932345296924,0.0,-0.003678436467274084,0.005166913716441812,0.0,0.5000758104946599,0.0
-0.0039085762693668435,0.0,0.9999923614865999,0.0,1.0,0.0,-0.9999923614865999,0.0,-0.0039085762693668435,0.005490189891414777,0.0,0.500079921803746,0.0
-0.004145487616412475,0.0,0.9999914074292949,0.0,1.0,0.0,-0.9999914074292949,0.0,-0.004145487616412475,0.00582297930329582,0.0,0.500084076370953,0.0
-0.004389151998921713,0.0,0.9999903676259738,0.0,1.0,0.0,-0.9999903676259738,0.0,-0.004389151998921713,0.006165256063274678,0.0,0.5000882671206698,0.0
-0.004639550904571634,0.0,0.9999892372257833,0.0,1.0,0.0,-0.9999892372257833,0.0,-0.004639550904571634,0.006516994281322013,0.0,0.500092486810002,0.0
-0.004896665818055708,0.0,0.9999880112600682,0.0,1.0,0.0,-0.9999880112600682,0.0,-0.004896665818055708,0.006878168065949848,0.0,0.5000967280305209,0.0
-0.005160478220931135,0.0,0.9999866846436163,0.0,1.0,0.0,-0.9999866846436163,0.0,-0.005160478220931135,0.007248751523968267,0.0,0.5001009832100077,0.0
-0.005430969591463484,0.0,0.9999852521758992,0.0,1.0,0.0,-0.9999852521758992,0.0,-0.005430969591463484,0.007628718760238416,0.0,0.5001052446141939,0.0
-0.005708121404468749,0.0,0.9999837085423101,0.0,1.0,0.0,-0.9999837085423101,0.0,-0.005708121404468749,0.008018043877421943,0.0,0.5001095043484954,0.0
-0.00599191513115291,0.0,0.999982048315399,0.0,1.0,0.0,-0.999982048315399,0.0,-0.00599191513115291,0.008416700975727004,0.0,0.5001137543597443,0.0
-0.006282332238949051,0.0,0.9999802659561035,0.0,1.0,0.0,-0.9999802659561035,0.0,-0.006282332238949051,0.008824664152650916,0.0,0.5001179864379128,0.0
-0.006579354191352127,0.0,0.999978355814977,0.0,1.0,0.0,-0.999978355814977,0.0,-0.006579354191352127,0.009241907502719601,0.0,0.5001221922178368,0.0
-0.006882962447751484,0.0,0.9999763121334139,0.0,1.0,0.0,-0.9999763121334139,0.0,-0.006882962447751484,0.009668405117223914,0.0,0.5001263631809304,0.0
-0.007193138463261158,0.0,0.999974129044871,0.0,1.0,0.0,-0.999974129044871,0.0,-0.007193138463261158,0.010104131083952968,0.0,0.5001304906568992,0.0
-0.007509863688548069,0.0,0.9999718005760859,0.0,1.0,0.0,-0.9999718005760859,0.0,-0.007509863688548069,0.010549059486924544,0.0,0.5001345658254467,0.0
-0.007833119569658202,0.0,0.9999693206482924,0.0,1.0,0.0,-0.9999693206482924,0.0,-0.007833119569658202,0.011003164406112749,0.0,0.5001385797179783,0.0
-0.008162887547840779,0.0,0.9999666830784321,0.0,1.0,0.0,-0.9999666830784321,0.0,-0.008162887547840779,0.011466419917172956,0.0,0.5001425232192984,0.0
-0.008499149059370584,0.0,0.9999638815803632,0.0,1.0,0.0,-0.9999638815803632,0.0,-0.008499149059370584,0.011938800091164211,0.0,0.5001463870693045,0.0
-0.008841885535368457,0.0,0.9999609097660666,0.0,1.0,0.0,-0.9999609097660666,0.0,-0.008841885535368457,0.012420278994269113,0.0,0.5001501618646769,0.0
-0.009191078401620072,0.0,0.9999577611468473,0.0,1.0,0.0,-0.9999577611468473,0.0,-0.009191078401620072,0.012910830687511405,0.0,0.5001538380605621,0.0
-0.009546709078393032,0.0,0.9999544291345344,0.0,1.0,0.0,-0.9999544291345344,0.0,-0.009546709078393032,0.013410429226471246,0.0,0.5001574059722543,0.0
-0.009908758980252359,0.0,0.9999509070426764,0.0,1.0,0.0,-0.9999509070426764,0.0,-0.009908758980252359,0.013919048660998308,0.0,0.5001608557768698,0.0
-0.010277209515874526,0.0,0.9999471880877344,0.0,1.0,0.0,-0.9999471880877344,0.0,-0.010277209515874526,0.0144366630349229,0.0,0.5001641775150182,0.0
-0.01065204208785999,0.0,0.9999432653902712,0.0,1.0,0.0,-0.9999432653902712,0.0,-0.01065204208785999,0.01496324638576507,0.0,0.5001673610924696,0.0
-0.011033238092544355,0.0,0.9999391319761385,0.0,1.0,0.0,-0.9999391319761385,0.0,-0.011033238092544355,0.015498772744441829,0.0,0.5001703962818163,0.0
-0.01142077891980827,0.0,0.999934780777659,0.0,1.0,0.0,-0.999934780777659,0.0,-0.01142077891980827,0.016043216134972716,0.0,0.5001732727241297,0.0
-0.011814645952886057,0.0,0.9999302046348075,0.0,1.0,0.0,-0.9999302046348075,0.0,-0.011814645952886057,0.016596550574183605,0.0,0.5001759799306147,0.0
-0.012214820568173173,0.0,0.9999253962963873,0.0,1.0,0.0,-0.9999253962963873,0.0,-0.012214820568173173,0.017158750071408966,0.0,0.5001785072842572,0.0
-0.01262128413503263,0.0,0.9999203484212044,0.0,1.0,0.0,-0.9999203484212044,0.0,-0.01262128413503263,0.017729788628192758,0.0,0.5001808440414691,0.0
-0.013034018015600312,0.0,0.9999150535792373,0.0,1.0,0.0,-0.9999150535792373,0.0,-0.013034018015600312,0.018309640237987812,0.0,0.5001829793337275,0.0
-0.013453003564589413,0.0,0.9999095042528054,0.0,1.0,0.0,-0.9999095042528054,0.0,-0.013453003564589413,0.018898278885854065,0.0,0.5001849021692103,0.0
-0.013878222129093905,0.0,0.9999036928377331,0.0,1.0,0.0,-0.9999036928377331,0.0,-0.013878222129093905,0.019495678548155523,0.0,0.5001866014344272,0.0
-0.014309655048391243,0.0,0.9998976116445104,0.0,1.0,0.0,-0.9998976116445104,0.0,-0.014309655048391243,0.020101813192256172,0.0,0.5001880658958459,0.0
-0.014747283653744309,0.0,0.999891252899452,0.0,1.0,0.0,-0.999891252899452,0.0,-0.014747283653744309,0.020716656776214967,0.0,0.5001892842015142,0.0
-0.015191089268202587,0.0,0.9998846087458519,0.0,1.0,0.0,-0.9998846087458519,0.0,-0.015191089268202587,0.02134018324847974,0.0,0.5001902448826786,0.0
-0.015641053206402845,0.0,0.9998776712451352,0.0,1.0,0.0,-0.9998776712451352,0.0,-0.015641053206402845,0.02197236654758053,0.0,0.5001909363553965,0.0
-0.016097156774369095,0.0,0.9998704323780063,0.0,1.0,0.0,-0.9998704323780063,0.0,-0.016097156774369095,0.022613180601821988,0.0,0.5001913469221453,0.0
-0.01655938126931221,0.0,0.9998628840455963,0.0,1.0,0.0,-0.9998628840455963,0.0,-0.01655938126931221,0.023262599328975304,0.0,0.5001914647734279,0.0
-0.01702770797942896,0.0,0.9998550180706037,0.0,1.0,0.0,-0.9998550180706037,0.0,-0.01702770797942896,0.023920596635969463,0.0,0.5001912779893719,0.0
-0.01750211818370079,0.0,0.9998468261984351,0.0,1.0,0.0,-0.9998468261984351,0.0,-0.01750211818370079,0.02458714641858217,0.0,0.5001907745413262,0.0
-0.017982593151692226,0.0,0.9998383000983413,0.0,1.0,0.0,-0.9998383000983413,0.0,-0.017982593151692226,0.02526222256113031,0.0,0.5001899422934521,0.0
-0.01846911414334899,0.0,0.9998294313645503,0.0,1.0,0.0,-0.9998294313645503,0.0,-0.01846911414334899,0.02594579893616014,0.0,0.5001887690043109,0.0
-0.01896166240879608,0.0,0.9998202115173982,0.0,1.0,0.0,-0.9998202115173982,0.0,-0.01896166240879608,0.026637849404137416,0.0,0.5001872423284464,0.0
-0.0194602191881355,0.0,0.999810632004456,0.0,1.0,0.0,-0.999810632004456,0.0,-0.0194602191881355,0.02733834781313716,0.0,0.5001853498179638,0.0
-0.01996476571124412,0.0,0.9998006842016538,0.0,1.0,0.0,-0.9998006842016538,0.0,-0.01996476571124412,0.02804726799853365,0.0,0.5001830789241042,0.0
-0.020475283197571408,0.0,0.9997903594144021,0.0,1.0,0.0,-0.9997903594144021,0.0,-0.020475283197571408,0.02876458378269031,0.0,0.5001804169988141,0.0
-0.020991752855937216,0.0,0.9997796488787093,0.0,1.0,0.0,-0.9997796488787093,0.0,-0.020991752855937216,0.02949026897464978,0.0,0.500177351296311,0.0
-0.021514155884329755,0.0,0.9997685437622974,0.0,1.0,0.0,-0.9997685437622974,0.0,-0.021514155884329755,0.03022429736982425,0.0,0.5001738689746457,0.0
-0.022042473469703623,0.0,0.9997570351657133,0.0,1.0,0.0,-0.9997570351657133,0.0,-0.022042473469703623,0.030966642749685983,0.0,0.5001699570972584,0.0
-0.022576686787778143,0.0,0.9997451141234382,0.0,1.0,0.0,-0.9997451141234382,0.0,-0.022576686787778143,0.03171727888145839,0.0,0.5001656026345324,0.0
-0.02311677700283589,0.0,0.9997327716049931,0.0,1.0,0.0,-0.9997327716049931,0.0,-0.02311677700283589,0.03247617951780731,0.0,0.500160792465342,0.0
-0.02366272526752167,0.0,0.9997199985160414,0.0,1.0,0.0,-0.9997199985160414,0.0,-0.02366272526752167,0.033243318396533154,0.0,0.5001555133785973,0.0
-0.024214512722641735,0.0,0.9997067856994895,0.0,1.0,0.0,-0.9997067856994895,0.0,-0.024214512722641735,0.034018669240263366,0.0,0.5001497520747845,0.0
-0.024772120496963576,0.0,0.9996931239365828,0.0,1.0,0.0,-0.9996931239365828,0.0,-0.024772120496963576,0.0348022057561457,0.0,0.5001434951675015,0.0
-0.025335529707016143,0.0,0.9996790039479998,0.0,1.0,0.0,-0.9996790039479998,0.0,-0.025335529707016143,0.035593901635542304,0.0,0.500136729184989,0.0
-0.025904721456890604,0.0,0.9996644163949424,0.0,1.0,0.0,-0.9996644163949424,0.0,-0.025904721456890604,0.03639373055372459,0.0,0.5001294405716586,0.0
-0.02647967683804177,0.0,0.9996493518802245,0.0,1.0,0.0,-0.9996493518802245,0.0,-0.02647967683804177,0.03720166616956902,0.0,0.5001216156896167,0.0
-0.027060376929090073,0.0,0.9996338009493554,0.0,1.0,0.0,-0.9996338009493554,0.0,-0.027060376929090073,0.038017682125253846,0.0,0.5001132408201809,0.0
-0.027646802795624426,0.0,0.9996177540916227,0.0,1.0,0.0,-0.9996177540916227,0.0,-0.027646802795624426,0.03884175204595713,0.0,0.500104302165398,0.0
-0.028238935490005557,0.0,0.9996012017411701,0.0,1.0,0.0,-0.9996012017411701,0.0,-0.028238935490005557,0.03967384953955544,0.0,0.5000947858495521,0.0
-0.028836756051170472,0.0,0.9995841342780734,0.0,1.0,0.0,-0.9995841342780734,0.0,-0.028836756051170472,0.04051394819632431,0.0,0.5000846779206719,0.0
-0.029440245504437607,0.0,0.9995665420294131,0.0,1.0,0.0,-0.9995665420294131,0.0,-0.029440245504437607,0.04136202158863964,0.0,0.5000739643520327,0.0
-0.030049384861312808,0.0,0.9995484152703443,0.0,1.0,0.0,-0.9995484152703443,0.0,-0.030049384861312808,0.04221804327068038,0.0,0.5000626310436546,0.0
-0.03066415511929652,0.0,0.9995297442251629,0.0,1.0,0.0,-0.9995297442251629,0.0,-0.03066415511929652,0.04308198677813292,0.0,0.5000506638237957,0.0
-0.031284537261691704,0.0,0.9995105190683697,0.0,1.0,0.0,-0.9995105190683697,0.0,-0.031284537261691704,0.043953825627896737,0.0,0.5000380484504423,0.0
-0.03191051225741303,0.0,0.9994907299257305,0.0,1.0,0.0,-0.9994907299257305,0.0,-0.03191051225741303,0.04483353331779164,0.0,0.5000247706127936,0.0
-0.03254206106079706,0.0,0.9994703668753343,0.0,1.0,0.0,-0.9994703668753343,0.0,-0.03254206106079706,0.04572108332626674,0.0,0.5000108159327435,0.0
-0.0331791646114136,0.0,0.9994494199486479,0.0,1.0,0.0,-0.9994494199486479,0.0,-0.0331791646114136,0.04661644911211093,0.0,0.4999961699663575,0.0
-0.033821803833878256,0.0,0.9994278791315673,0.0,1.0,0.0,-0.9994278791315673,0.0,-0.033821803833878256,0.04751960411416527,0.0,0.4999808182053451,0.0
-0.03446995963766624,0.0,0.9994057343654666,0.0,1.0,0.0,-0.9994057343654666,0.0,-0.03446995963766624,0.04843052175103711,0.0,0.4999647460785293,0.0
-0.03512361291692748,0.0,0.9993829755482438,0.0,1.0,0.0,-0.9993829755482438,0.0,-0.03512361291692748,0.04934917542081609,0.0,0.4999479389533103,0.0
-0.03578274455030298,0.0,0.9993595925353636,0.0,1.0,0.0,-0.9993595925353636,0.0,-0.03578274455030298,0.05027553850079216,0.0,0.49993038213712665,0.0
-0.03644733540074269,0.0,0.9993355751408962,0.0,1.0,0.0,-0.9993355751408962,0.0,-0.03644733540074269,0.05120958434717543,0.0,0.49991206087891055,0.0
-0.03711736631532468,0.0,0.9993109131385557,0.0,1.0,0.0,-0.9993109131385557,0.0,-0.03711736631532468,0.05215128629481835,0.0,0.49989296037054076,0.0
-0.03779281812507589,0.0,0.9992855962627326,0.0,1.0,0.0,-0.9992855962627326,0.0,-0.03779281812507589,0.05310061765693978,0.0,0.4998730657482902,0.0
-0.038473671644794205,0.0,0.9992596142095249,0.0,1.0,0.0,-0.9992596142095249,0.0,-0.038473671644794205,0.05405755172485132,0.0,0.49985236209426925,0.0
-0.039159907672872356,0.0,0.9992329566377662,0.0,1.0,0.0,-0.9992329566377662,0.0,-0.039159907672872356,0.05502206176768601,0.0,0.49983083443786597,0.0
-0.03985150699112318,0.0,0.9992056131700504,0.0,1.0,0.0,-0.9992056131700504,0.0,-0.03985150699112318,0.055994121032129134,0.0,0.4998084677571814,0.0
-0.04054845036460658,0.0,0.9991775733937532,0.0,1.0,0.0,-0.9991775733937532,0.0,-0.04054845036460658,0.0569737027421516,0.0,0.49978524698046034,0.0
-0.041250718541458224,0.0,0.9991488268620513,0.0,1.0,0.0,-0.9991488268620513,0.0,-0.041250718541458224,0.05796078009874545,0.0,0.49976115698751883,0.0
-0.04195829225271991,0.0,0.9991193630949384,0.0,1.0,0.0,-0.9991193630949384,0.0,-0.04195829225271991,0.058955326279662296,0.0,0.4997361826111676,0.0
-0.042671152212171666,0.0,0.9990891715802377,0.0,1.0,0.0,-0.9990891715802377,0.0,-0.042671152212171666,0.059957314439153794,0.0,0.49971030863862975,0.0
-0.04338927911616565,0.0,0.9990582417746122,0.0,1.0,0.0,-0.9990582417746122,0.0,-0.04338927911616565,0.06096671770771502,0.0,0.4996835198129568,0.0
-0.044112653643461994,0.0,0.9990265631045713,0.0,1.0,0.0,-0.9990265631045713,0.0,-0.044112653643461994,0.061983509191830516,0.0,0.49965580083443784,0.0
-0.04484125645506635,0.0,0.998994124967475,0.0,1.0,0.0,-0.998994124967475,0.0,-0.04484125645506635,0.06300766197372283,0.0,0.4996271363620072,0.0
-0.045575068194069424,0.0,0.9989609167325346,0.0,1.0,0.0,-0.9989609167325346,0.0,-0.045575068194069424,0.06403914911110385,0.0,0.49959751101464567,0.0
-0.046314069485488524,0.0,0.998926927741811,0.0,1.0,0.0,-0.998926927741811,0.0,-0.046314069485488524,0.06507794363692923,0.0,0.499566909372779,0.0
-0.04705824093611098,0.0,0.9988921473112095,0.0,1.0,0.0,-0.9988921473112095,0.0,-0.04705824093611098,0.06612401855915521,0.0,0.499535315979672,0.0
-0.04780756313433971,0.0,0.9988565647314714,0.0,1.0,0.0,-0.9988565647314714,0.0,-0.04780756313433971,0.06717734686049881,0.0,0.4995027153428179,0.0
-0.0485620166500406,0.0,0.9988201692691638,0.0,1.0,0.0,-0.9988201692691638,0.0,-0.0485620166500406,0.06823790149820054,0.0,0.4994690919353241,0.0
-0.049321582034392346,0.0,0.9987829501676652,0.0,1.0,0.0,-0.9987829501676652,0.0,-0.049321582034392346,0.06930565540379045,0.0,0.4994344301972941,0.0
-0.05008623981973816,0.0,0.9987448966481479,0.0,1.0,0.0,-0.9987448966481479,0.0,-0.05008623981973816,0.07038058148285727,0.0,0.49939871453720375,0.0
-0.050855970519439554,0.0,0.9987059979105593,0.0,1.0,0.0,-0.9987059979105593,0.0,-0.050855970519439554,0.07146265261482011,0.0,0.4993619293332755,0.0
-0.05163075462773276,0.0,0.9986662431345974,0.0,1.0,0.0,-0.9986662431345974,0.0,-0.05163075462773276,0.07255184165270426,0.0,0.4993240589348464,0.0
-0.0524105726195868,0.0,0.9986256214806863,0.0,1.0,0.0,-0.9986256214806863,0.0,-0.0524105726195868,0.0736481214229191,0.0,0.49928508766373386,0.0
-0.05319540495056428,0.0,0.998584122090946,0.0,1.0,0.0,-0.998584122090946,0.0,-0.05319540495056428,0.07475146472504028,0.0,0.49924499981559545,0.0
-0.053985232056684214,0.0,0.9985417340901611,0.0,1.0,0.0,-0.9985417340901611,0.0,-0.053985232056684214,0.07586184433159432,0.0,0.4992037796612858,0.0
-0.054780034354287355,0.0,0.9984984465867451,0.0,1.0,0.0,-0.9984984465867451,0.0,-0.054780034354287355,0.07697923298784727,0.0,0.49916141144820864,0.0
-0.05557979223990373,0.0,0.9984542486737032,0.0,1.0,0.0,-0.9984542486737032,0.0,-0.05557979223990373,0.07810360341159626,0.0,0.4991178794016651,0.0
-0.056384486090122615,0.0,0.9984091294295905,0.0,1.0,0.0,-0.9984091294295905,0.0,-0.056384486090122615,0.07923492829296465,0.0,0.49907316772619725,0.0
-0.05719409626146496,0.0,0.9983630779194683,0.0,1.0,0.0,-0.9983630779194683,0.0,-0.05719409626146496,0.08037318029420062,0.0,0.49902726060692876,0.0
-0.058008603090258334,0.0,0.9983160831958569,0.0,1.0,0.0,-0.9983160831958569,0.0,-0.058008603090258334,0.08151833204947946,0.0,0.49898014221089887,0.0
-0.05882798689251416,0.0,0.9982681342996851,0.0,1.0,0.0,-0.9982681342996851,0.0,-0.05882798689251416,0.08267035616470916,0.0,0.498931796688395,0.0
-0.05965222796380753,0.0,0.998219220261238,0.0,1.0,0.0,-0.998219220261238,0.0,-0.05965222796380753,0.08382922521733949,0.0,0.49888220817427986,0.0
-0.06048130657915973,0.0,0.9981693301010994,0.0,1.0,0.0,-0.9981693301010994,0.0,-0.06048130657915973,0.08499491175617521,0.0,0.49883136078931317,0.0
-0.0613152029929231,0.0,0.9981184528310939,0.0,1.0,0.0,-0.9981184528310939,0.0,-0.0613152029929231,0.08616738830119253,0.0,0.4987792386414718,0.0
-0.06215389743866854,0.0,0.9980665774552234,0.0,1.0,0.0,-0.9980665774552234,0.0,-0.06215389743866854,0.08734662734335932,0.0,0.4987258258272631,0.0
-0.06299737012907583,0.0,0.9980136929706026,0.0,1.0,0.0,-0.9980136929706026,0.0,-0.06299737012907583,0.08853260134445935,0.0,0.4986711064330359,0.0
-0.0638456012558262,0.0,0.9979597883683902,0.0,1.0,0.0,-0.9979597883683902,0.0,-0.0638456012558262,0.08972528273691986,0.0,0.4986150645362864,0.0
-0.06469857098949806,0.0,0.9979048526347173,0.0,1.0,0.0,-0.9979048526347173,0.0,-0.06469857098949806,0.09092464392364351,0.0,0.4985576842069594,0.0
-0.06555625947946501,0.0,0.9978488747516134,0.0,1.0,0.0,-0.9978488747516134,0.0,-0.06555625947946501,0.09213065727784371,0.0,0.49849894950874674,0.0
-0.0664186468537969,0.0,0.9977918436979282,0.0,1.0,0.0,-0.9977918436979282,0.0,-0.0664186468537969,0.09334329514288409,0.0,0.4984388445003797,0.0
-0.06728571321916327,0.0,0.9977337484502509,0.0,1.0,0.0,-0.9977337484502509,0.0,-0.06728571321916327,0.09456252983212185,0.0,0.49837735323691845,0.0
-0.06815743866073998,0.0,0.9976745779838271,0.0,1.0,0.0,-0.9976745779838271,0.0,-0.06815743866073998,0.09578833362875509,0.0,0.4983144597710373,0.0
-0.0690338032421184,0.0,0.9976143212734712,0.0,1.0,0.0,-0.9976143212734712,0.0,-0.0690338032421184,0.09702067878567426,0.0,0.498250148154304,0.0
-0.06991478700521739,0.0,0.9975529672944766,0.0,1.0,0.0,-0.9975529672944766,0.0,-0.06991478700521739,0.09825953752531727,0.0,0.4981844024384569,0.0
-0.07080036997019822,0.0,0.9974905050235231,0.0,1.0,0.0,-0.9974905050235231,0.0,-0.07080036997019822,0.09950488203952906,0.0,0.4981172066766767,0.0
-0.07169053213538239,0.0,0.99742692343958,0.0,1.0,0.0,-0.99742692343958,0.0,-0.07169053213538239,0.10075668448942515,0.0,0.4980485449248536,0.0
-0.07258525347717218,0.0,0.9973622115248074,0.0,1.0,0.0,-0.9973622115248074,0.0,-0.07258525347717218,0.10201491700525922,0.0,0.4979784012428515,0.0
-0.07348451394997434,0.0,0.9972963582654536,0.0,1.0,0.0,-0.9972963582654536,0.0,-0.07348451394997434,0.10327955168629499,0.0,0.4979067596957658,0.0
-0.07438829348612641,0.0,0.9972293526527496,0.0,1.0,0.0,-0.9972293526527496,0.0,-0.07438829348612641,0.10455056060068219,0.0,0.4978336043551794,0.0
-0.07529657199582634,0.0,0.9971611836838001,0.0,1.0,0.0,-0.9971611836838001,0.0,-0.07529657199582634,0.10582791578533672,0.0,0.4977589193004119,0.0
-0.07620932936706483,0.0,0.9970918403624724,0.0,1.0,0.0,-0.9970918403624724,0.0,-0.07620932936706483,0.10711158924582533,0.0,0.4976826886197663,0.0
-0.07712654546556068,0.0,0.997021311700281,0.0,1.0,0.0,-0.997021311700281,0.0,-0.07712654546556068,0.10840155295625405,0.0,0.49760489641177047,0.0
-0.07804820013469924,0.0,0.9969495867172692,0.0,1.0,0.0,-0.9969495867172692,0.0,-0.07804820013469924,0.10969777885916149,0.0,0.49752552678641426,0.0
-0.07897427319547405,0.0,0.9968766544428888,0.0,1.0,0.0,-0.9968766544428888,0.0,-0.07897427319547405,0.11100023886541623,0.0,0.4974445638663831,0.0
-0.07990474444643104,0.0,0.9968025039168744,0.0,1.0,0.0,-0.9968025039168744,0.0,-0.07990474444643104,0.11230890485411844,0.0,0.4973619917882852,0.0
-0.08083959366361629,0.0,0.9967271241901172,0.0,1.0,0.0,-0.9967271241901172,0.0,-0.08083959366361629,0.11362374867250599,0.0,0.49727779470387745,0.0
-0.08177880060052659,0.0,0.996650504325533,0.0,1.0,0.0,-0.996650504325533,0.0,-0.08177880060052659,0.11494474213586504,0.0,0.4971919567812837,0.0
-0.0827223449880634,0.0,0.9965726333989289,0.0,1.0,0.0,-0.9965726333989289,0.0,-0.0827223449880634,0.11627185702744519,0.0,0.4971044622062109,0.0
-0.0836702065344893,0.0,0.9964935004998657,0.0,1.0,0.0,-0.9964935004998657,0.0,-0.0836702065344893,0.11760506509837829,0.0,0.49701529518315973,0.0
-0.0846223649253885,0.0,0.9964130947325183,0.0,1.0,0.0,-0.9964130947325183,0.0,-0.0846223649253885,0.11894433806760309,0.0,0.4969244399366314,0.0
-0.08557879982362962,0.0,0.996331405216531,0.0,1.0,0.0,-0.996331405216531,0.0,-0.08557879982362962,0.12028964762179316,0.0,0.49683188071232937,0.0
-0.08653949086933231,0.0,0.9962484210878714,0.0,1.0,0.0,-0.9962484210878714,0.0,-0.08653949086933231,0.12164096541529,0.0,0.4967376017783569,0.0
-0.08750441767983638,0.0,0.9961641314996805,0.0,1.0,0.0,-0.9961641314996805,0.0,-0.08750441767983638,0.12299826307004015,0.0,0.4966415874264109,0.0
-0.08847355984967492,0.0,0.9960785256231187,0.0,1.0,0.0,-0.9960785256231187,0.0,-0.08847355984967492,0.12436151217553777,0.0,0.4965438219729694,0.0
-0.08944689695055001,0.0,0.9959915926482099,0.0,1.0,0.0,-0.9959915926482099,0.0,-0.08944689695055001,0.1257306842887709,0.0,0.49644428976047683,0.0
-0.09042440853131174,0.0,0.9959033217846813,0.0,1.0,0.0,-0.9959033217846813,0.0,-0.09042440853131174,0.12710575093417267,0.0,0.49634297515852305,0.0
-0.09140607411794079,0.0,0.9958137022628005,0.0,1.0,0.0,-0.9958137022628005,0.0,-0.09140607411794079,0.128486683603577,0.0,0.49623986256501856,0.0
-0.09239187321353402,0.0,0.9957227233342093,0.0,1.0,0.0,-0.9957227233342093,0.0,-0.09239187321353402,0.12987345375617965,0.0,0.49613493640736545,0.0
-0.0933817852982932,0.0,0.9956303742727536,0.0,1.0,0.0,-0.9956303742727536,0.0,-0.0933817852982932,0.1312660328185026,0.0,0.49602818114362307,0.0
-0.0943757898295173,0.0,0.9955366443753112,0.0,1.0,0.0,-0.9955366443753112,0.0,-0.0943757898295173,0.1326643921843643,0.0,0.49591958126367014,0.0
-0.09537386624159791,0.0,0.9954415229626147,0.0,1.0,0.0,-0.9954415229626147,0.0,-0.09537386624159791,0.134068503214854,0.0,0.49580912129036075,0.0
-0.09637599394601797,0.0,0.9953449993800728,0.0,1.0,0.0,-0.9953449993800728,0.0,-0.09637599394601797,0.13547833723831115,0.0,0.49569678578067805,0.0
-0.09738215233135379,0.0,0.9952470629985868,0.0,1.0,0.0,-0.9952470629985868,0.0,-0.09738215233135379,0.136893865550309,0.0,0.4955825593268806,0.0
-0.09839232076328039,0.0,0.9951477032153648,0.0,1.0,0.0,-0.9951477032153648,0.0,-0.09839232076328039,0.1383150594136434,0.0,0.49546642655764705,0.0
-0.09940647858458027,0.0,0.9950469094547318,0.0,1.0,0.0,-0.9950469094547318,0.0,-0.09940647858458027,0.13974189005832632,0.0,0.49534837213921323,0.0
-0.1004246051151554,0.0,0.9949446711689375,0.0,1.0,0.0,-0.9949446711689375,0.0,-0.1004246051151554,0.14117432868158397,0.0,0.4952283807765077,0.0
-0.10144667965204246,0.0,0.9948409778389589,0.0,1.0,0.0,-0.9948409778389589,0.0,-0.10144667965204246,0.14261234644785944,0.0,0.49510643721427944,0.0
-0.10247268146943177,0.0,0.9947358189753018,0.0,1.0,0.0,-0.9947358189753018,0.0,-0.10247268146943177,0.14405591448882088,0.0,0.4949825262382238,0.0
-0.10350258981868923,0.0,0.9946291841187972,0.0,1.0,0.0,-0.9946291841187972,0.0,-0.10350258981868923,0.14550500390337384,0.0,0.49485663267610147,0.0
-0.10453638392838174,0.0,0.994521062841395,0.0,1.0,0.0,-0.994521062841395,0.0,-0.10453638392838174,0.14695958575767837,0.0,0.4947287413988546,0.0
-0.10557404300430619,0.0,0.9944114447469543,0.0,1.0,0.0,-0.9944114447469543,0.0,-0.10557404300430619,0.1484196310851716,0.0,0.494598837321717,0.0
-0.10661554622952155,0.0,0.9943003194720299,0.0,1.0,0.0,-0.9943003194720299,0.0,-0.10661554622952155,0.1498851108865946,0.0,0.4944669054053195,0.0
-0.10766087276438442,0.0,0.9941876766866561,0.0,1.0,0.0,-0.9941876766866561,0.0,-0.10766087276438442,0.15135599613002393,0.0,0.49433293065679224,0.0
-0.10871000174658811,0.0,0.9940735060951261,0.0,1.0,0.0,-0.9940735060951261,0.0,-0.10871000174658811,0.15283225775090864,0.0,0.4941968981308598,0.0
-0.10976291229120502,0.0,0.993957797436769,0.0,1.0,0.0,-0.993957797436769,0.0,-0.10976291229120502,0.1543138666521117,0.0,0.4940587929309339,0.0
-0.11081958349073254,0.0,0.9938405404867224,0.0,1.0,0.0,-0.9938405404867224,0.0,-0.11081958349073254,0.15580079370395658,0.0,0.49391860021019945,0.0
-0.11187999441514189,0.0,0.9937217250567021,0.0,1.0,0.0,-0.9937217250567021,0.0,-0.11187999441514189,0.157293009744278,0.0,0.49377630517269694,0.0
-0.11294412411193125,0.0,0.9936013409957681,0.0,1.0,0.0,-0.9936013409957681,0.0,-0.11294412411193125,0.15879048557847875,0.0,0.4936318930743997,0.0
-0.11401195160618148,0.0,0.9934793781910874,0.0,1.0,0.0,-0.9934793781910874,0.0,-0.11401195160618148,0.16029319197959024,0.0,0.4934853492242863,0.0
-0.11508345590061561,0.0,0.9933558265686929,0.0,1.0,0.0,-0.9933558265686929,0.0,-0.11508345590061561,0.16180109968833872,0.0,0.493336658985408,0.0
-0.11615861597566188,0.0,0.9932306760942388,0.0,1.0,0.0,-0.9932306760942388,0.0,-0.11615861597566188,0.1633141794132158,0.0,0.4931858077759516,0.0
-0.11723741078951996,0.0,0.993103916773753,0.0,1.0,0.0,-0.993103916773753,0.0,-0.11723741078951996,0.16483240183055453,0.0,0.4930327810702975,0.0
-0.11831981927823072,0.0,0.9929755386543854,0.0,1.0,0.0,-0.9929755386543854,0.0,-0.11831981927823072,0.1663557375846097,0.0,0.4928775644000722,0.0
-0.11940582035574941,0.0,0.9928455318251528,0.0,1.0,0.0,-0.9928455318251528,0.0,-0.11940582035574941,0.16788415728764364,0.0,0.49272014335519665,0.0
-0.1204953929140223,0.0,0.9927138864176804,0.0,1.0,0.0,-0.9927138864176804,0.0,-0.1204953929140223,0.16941763152001624,0.0,0.4925605035849294,0.0
-0.12158851582306675,0.0,0.9925805926069399,0.0,1.0,0.0,-0.9925805926069399,0.0,-0.12158851582306675,0.17095613083028083,0.0,0.49239863079890495,0.0
-0.12268516793105459,0.0,0.9924456406119828,0.0,1.0,0.0,-0.9924456406119828,0.0,-0.12268516793105459,0.17249962573528393,0.0,0.4922345107681665,0.0
-0.12378532806439932,0.0,0.9923090206966724,0.0,1.0,0.0,-0.9923090206966724,0.0,-0.12378532806439932,0.17404808672027078,0.0,0.4920681293261948,0.0
-0.12488897502784616,0.0,0.9921707231704099,0.0,1.0,0.0,-0.9921707231704099,0.0,-0.12488897502784616,0.17560148423899513,0.0,0.49189947236993165,0.0
-0.12599608760456607,0.0,0.9920307383888578,0.0,1.0,0.0,-0.9920307383888578,0.0,-0.12599608760456607,0.17715978871383448,0.0,0.4917285258607969,0.0
-0.1271066445562529,0.0,0.9918890567546607,0.0,1.0,0.0,-0.9918890567546607,0.0,-0.1271066445562529,0.1787229705359097,0.0,0.49155527582570374,0.0
-0.12822062462322414,0.0,0.99174566871816,0.0,1.0,0.0,-0.99174566871816,0.0,-0.12822062462322414,0.18029100006521015,0.0,0.49137970835806516,0.0
-0.12933800652452487,0.0,0.9916005647781077,0.0,1.0,0.0,-0.9916005647781077,0.0,-0.12933800652452487,0.18186384763072286,0.0,0.4912018096187982,0.0
-0.13045876895803554,0.0,0.9914537354823744,0.0,1.0,0.0,-0.9914537354823744,0.0,-0.13045876895803554,0.18344148353056788,0.0,0.49102156583732176,0.0
-0.13158289060058276,0.0,0.991305171428655,0.0,1.0,0.0,-0.991305171428655,0.0,-0.13158289060058276,0.1850238780321373,0.0,0.4908389633125497,0.0
-0.13271035010805365,0.0,0.99115486326517,0.0,1.0,0.0,-0.99115486326517,0.0,-0.13271035010805365,0.18661100137223954,0.0,0.49065398841387875,0.0
-0.13384112611551394,0.0,0.9910028016913631,0.0,1.0,0.0,-0.9910028016913631,0.0,-0.13384112611551394,0.1882028237572492,0.0,0.4904666275821715,0.0
-0.13497519723732884,0.0,0.9908489774585955,0.0,1.0,0.0,-0.9908489774585955,0.0,-0.13497519723732884,0.18979931536326064,0.0,0.49027686733073395,0.0
-0.13611254206728812,0.0,0.990693381370836,0.0,1.0,0.0,-0.990693381370836,0.0,-0.13611254206728812,0.1914004463362477,0.0,0.4900846942462879,0.0
-0.13725313917873358,0.0,0.9905360042853482,0.0,1.0,0.0,-0.9905360042853482,0.0,-0.13725313917873358,0.19300618679222686,0.0,0.4898900949899392,0.0
-0.13839696712469118,0.0,0.9903768371133723,0.0,1.0,0.0,-0.9903768371133723,0.0,-0.13839696712469118,0.19461650681742698,0.0,0.4896930562981384,0.0
-0.13954400443800544,0.0,0.9902158708208054,0.0,1.0,0.0,-0.9902158708208054,0.0,-0.13954400443800544,0.19623137646846214,0.0,0.4894935649836392,0.0
-0.14069422963147812,0.0,0.9900530964288758,0.0,1.0,0.0,-0.9900530964288758,0.0,-0.14069422963147812,0.1978507657725111,0.0,0.48929160793644944,0.0
-0.1418476211980093,0.0,0.9898885050148153,0.0,1.0,0.0,-0.9898885050148153,0.0,-0.1418476211980093,0.1994746447274996,0.0,0.4890871721247778,0.0
-0.14300415761074306,0.0,0.9897220877125263,0.0,1.0,0.0,-0.9897220877125263,0.0,-0.14300415761074306,0.20110298330228965,0.0,0.48888024459597534,0.0
-0.1441638173232155,0.0,0.9895538357132464,0.0,1.0,0.0,-0.9895538357132464,0.0,-0.1441638173232155,0.20273575143687206,0.0,0.488670812477471,0.0
-0.14532657876950672,0.0,0.9893837402662075,0.0,1.0,0.0,-0.9893837402662075,0.0,-0.14532657876950672,0.20437291904256444,0.0,0.4884588629777022,0.0
-0.14649242036439586,0.0,0.9892117926792933,0.0,1.0,0.0,-0.9892117926792933,0.0,-0.14649242036439586,0.20601445600221388,0.0,0.48824438338704135,0.0
-0.14766132050351974,0.0,0.9890379843196907,0.0,1.0,0.0,-0.9890379843196907,0.0,-0.14766132050351974,0.20766033217040472,0.0,0.48802736107871436,0.0
-0.1488332575635347,0.0,0.988862306614539,0.0,1.0,0.0,-0.988862306614539,0.0,-0.1488332575635347,0.2093105173736706,0.0,0.4878077835097167,0.0
-0.1500082099022817,0.0,0.988684751051574,0.0,1.0,0.0,-0.988684751051574,0.0,-0.1500082099022817,0.21096498141071163,0.0,0.4875856382217216,0.0
-0.1511861558589552,0.0,0.9885053091797695,0.0,1.0,0.0,-0.9885053091797695,0.0,-0.1511861558589552,0.21262369405261658,0.0,0.487360912841985,0.0
-0.1523670737542744,0.0,0.9883239726099734,0.0,1.0,0.0,-0.9883239726099734,0.0,-0.1523670737542744,0.2142866250430887,0.0,0.4871335950842434,0.0
-0.15355094189065913,0.0,0.9881407330155414,0.0,1.0,0.0,-0.9881407330155414,0.0,-0.15355094189065913,0.2159537440986782,0.0,0.4869036727496078,0.0
-0.15473773855240786,0.0,0.9879555821329654,0.0,1.0,0.0,-0.9879555821329654,0.0,-0.15473773855240786,0.21762502090901747,0.0,0.4866711337274501,0.0
-0.15592744200587977,0.0,0.9877685117624995,0.0,1.0,0.0,-0.9877685117624995,0.0,-0.15592744200587977,0.21930042513706247,0.0,0.48643596599628713,0.0
-0.1571200304996795,0.0,0.98757951376878,0.0,1.0,0.0,-0.98757951376878,0.0,-0.1571200304996795,0.22097992641933786,0.0,0.4861981576246558,0.0
-0.15831548226484593,0.0,0.9873885800814436,0.0,1.0,0.0,-0.9873885800814436,0.0,-0.15831548226484593,0.22266349436618763,0.0,0.4859576967719854,0.0
-0.15951377551504328,0.0,0.9871957026957403,0.0,1.0,0.0,-0.9871957026957403,0.0,-0.15951377551504328,0.22435109856202964,0.0,0.48571457168946325,0.0
-0.16071488844675633,0.0,0.9870008736731425,0.0,1.0,0.0,-0.9870008736731425,0.0,-0.16071488844675633,0.22604270856561542,0.0,0.48546877072089445,0.0
-0.16191879923948838,0.0,0.9868040851419507,0.0,1.0,0.0,-0.9868040851419507,0.0,-0.16191879923948838,0.22773829391029418,0.0,0.48522028230355785,0.0
-0.1631254860559627,0.0,0.986605329297894,0.0,1.0,0.0,-0.986605329297894,0.0,-0.1631254860559627,0.22943782410428204,0.0,0.4849690949690533,0.0
-0.16433492704232677,0.0,0.9864045984047282,0.0,1.0,0.0,-0.9864045984047282,0.0,-0.16433492704232677,0.23114126863093495,0.0,0.4847151973441474,0.0
-0.1655471003283604,0.0,0.9862018847948283,0.0,1.0,0.0,-0.9862018847948283,0.0,-0.1655471003283604,0.23284859694902704,0.0,0.48445857815161003,0.0
-0.16676198402768638,0.0,0.985997180869778,0.0,1.0,0.0,-0.985997180869778,0.0,-0.16676198402768638,0.2345597784930333,0.0,0.4841992262110471,0.0
-0.16797955623798486,0.0,0.9857904791009546,0.0,1.0,0.0,-0.9857904791009546,0.0,-0.16797955623798486,0.2362747826734167,0.0,0.4839371304397278,0.0
-0.16919979504121,0.0,0.9855817720301104,0.0,1.0,0.0,-0.9855817720301104,0.0,-0.16919979504121,0.2379935788769192,0.0,0.4836722798534052,0.0
-0.17042267850381126,0.0,0.985371052269949,0.0,1.0,0.0,-0.985371052269949,0.0,-0.17042267850381126,0.2397161364668593,0.0,0.4834046635671319,0.0
-0.1716481846769565,0.0,0.9851583125046987,0.0,1.0,0.0,-0.9851583125046987,0.0,-0.1716481846769565,0.24144242478343186,0.0,0.4831342707960699,0.0
-0.17287629159675846,0.0,0.9849435454906806,0.0,1.0,0.0,-0.9849435454906806,0.0,-0.17287629159675846,0.24317241314401328,0.0,0.4828610908562946,0.0
-0.17410697728450486,0.0,0.9847267440568743,0.0,1.0,0.0,-0.9847267440568743,0.0,-0.17410697728450486,0.24490607084347146,0.0,0.4825851131655932,0.0
-0.1753402197468913,0.0,0.9845079011054771,0.0,1.0,0.0,-0.9845079011054771,0.0,-0.1753402197468913,0.24664336715447988,0.0,0.48230632724425754,0.0
-0.1765759969762569,0.0,0.984287009612461,0.0,1.0,0.0,-0.984287009612461,0.0,-0.1765759969762569,0.24838427132783594,0.0,0.4820247227158701,0.0
-0.17781428695082338,0.0,0.984064062628125,0.0,1.0,0.0,-0.984064062628125,0.0,-0.17781428695082338,0.2501287525927837,0.0,0.481740289308087,0.0
-0.17905506763493745,0.0,0.9838390532776425,0.0,1.0,0.0,-0.9838390532776425,0.0,-0.17905506763493745,0.2518767801573417,0.0,0.4814530168534111,0.0
-0.18029831697931548,0.0,0.983611974761606,0.0,1.0,0.0,-0.983611974761606,0.0,-0.18029831697931548,0.25362832320863415,0.0,0.48116289528996314,0.0
-0.1815440129212916,0.0,0.9833828203565659,0.0,1.0,0.0,-0.9833828203565659,0.0,-0.1815440129212916,0.25538335091322667,0.0,0.480869914662245,0.0
-0.18279213338506908,0.0,0.9831515834155662,0.0,1.0,0.0,-0.9831515834155662,0.0,-0.18279213338506908,0.2571418324174672,0.0,0.48057406512189715,0.0
-0.18404265628197405,0.0,0.9829182573686762,0.0,1.0,0.0,-0.9829182573686762,0.0,-0.18404265628197405,0.25890373684782975,0.0,0.4802753369284517,0.0
-0.1852955595107125,0.0,0.9826828357235167,0.0,1.0,0.0,-0.9826828357235167,0.0,-0.1852955595107125,0.2606690333112635,0.0,0.47997372045007736,0.0
-0.18655082095763048,0.0,0.9824453120657832,0.0,1.0,0.0,-0.9824453120657832,0.0,-0.18655082095763048,0.2624376908955461,0.0,0.47966920616432074,0.0
-0.18780841849697663,0.0,0.9822056800597645,0.0,1.0,0.0,-0.9822056800597645,0.0,-0.18780841849697663,0.26420967866964,0.0,0.47936178465884,0.0
-0.1890683299911682,0.0,0.9819639334488567,0.0,1.0,0.0,-0.9819639334488567,0.0,-0.1890683299911682,0.2659849656840548,0.0,0.47905144663213406,0.0
-0.19033053329105956,0.0,0.9817200660560733,0.0,1.0,0.0,-0.9817200660560733,0.0,-0.19033053329105956,0.267763520971212,0.0,0.4787381828942647,0.0
-0.19159500623621364,0.0,0.9814740717845506,0.0,1.0,0.0,-0.9814740717845506,0.0,-0.19159500623621364,0.26954531354581485,0.0,0.4784219843675725,0.0
-0.19286172665517642,0.0,0.9812259446180497,0.0,1.0,0.0,-0.9812259446180497,0.0,-0.19286172665517642,0.2713303124052224,0.0,0.4781028420873891,0.0
-0.19413067236575388,0.0,0.9809756786214531,0.0,1.0,0.0,-0.9809756786214531,0.0,-0.19413067236575388,0.27311848652982645,0.0,0.47778074720274055,0.0
-0.19540182117529215,0.0,0.9807232679412573,0.0,1.0,0.0,-0.9807232679412573,0.0,-0.19540182117529215,0.2749098048834342,0.0,0.47745569097704593,0.0
-0.19667515088096016,0.0,0.980468706806062,0.0,1.0,0.0,-0.980468706806062,0.0,-0.19667515088096016,0.2767042364136537,0.0,0.4771276647888108,0.0
-0.19795063927003526,0.0,0.9802119895270535,0.0,1.0,0.0,-0.9802119895270535,0.0,-0.19795063927003526,0.27850175005228367,0.0,0.47679666013231314,0.0
-0.19922826412019123,0.0,0.9799531104984847,0.0,1.0,0.0,-0.9799531104984847,0.0,-0.19922826412019123,0.28030231471570716,0.0,0.47646266861828435,0.0
-0.2005080031997896,0.0,0.9796920641981506,0.0,1.0,0.0,-0.9796920641981506,0.0,-0.2005080031997896,0.2821058993052894,0.0,0.4761256819745832,0.0
-0.201789834268173,0.0,0.9794288451878591,0.0,1.0,0.0,-0.9794288451878591,0.0,-0.201789834268173,0.2839124727077794,0.0,0.4757856920468647,0.0
-0.20307373507596166,0.0,0.979163448113898,0.0,1.0,0.0,-0.979163448113898,0.0,-0.20307373507596166,0.28572200379571494,0.0,0.47544269079924245,0.0
-0.20435968336535226,0.0,0.9788958677074967,0.0,1.0,0.0,-0.9788958677074967,0.0,-0.20435968336535226,0.2875344614278324,0.0,0.4750966703149443,0.0
